004,01,经济学,第1次填报,504,483,8949,2
004,05,保险学,第1次填报,490,468,10925,2
004,0B,法学,第1次填报,505,504,6599,2
004,0D,社会学,第1次填报,497,466,11198,3
004,0F,社会工作,第1次填报,493,484,8828,2
004,0H,民族学,第1次填报,483,480,9317,2
004,0L,应用心理学,第1次填报,490,488,8352,2
004,0U,汉语国际教育,第1次填报,500,499,7092,2
004,14,中国少数民族语言文学(蒙古语言),第1次填报,498,465,11349,8
004,15,英语,第1次填报,503,499,7092,2
004,1A,阿拉伯语,第1次填报,502,494,7632,2
004,1C,新闻学,第1次填报,497,496,7412,2
004,1E,广播电视学,第1次填报,491,489,8249,2
004,1J,历史学,第1次填报,510,507,6271,2
004,35,工商管理,第1次填报,483,469,10790,2
004,38,会计学,第1次填报,505,501,6880,2
004,3C,公共事业管理,第1次填报,495,482,9064,2
004,67,财务管理,第1次填报,506,495,7522,2
005,05,法学,第1次填报,505,480,9317,2
005,08,汉语言文学,第1次填报,513,513,5648,1
005,09,新闻学,第1次填报,488,488,8352,1
005,10,广告学,第1次填报,484,484,8828,1
005,12,历史学,第1次填报,491,486,8600,2
005,13,英语,第1次填报,489,489,8249,1
005,15,日语,第1次填报,487,487,8480,1
005,51,物流管理,第1次填报,455,455,12663,1
005,54,公共事业管理,第1次填报,489,489,8249,1
014,06,经济学,第1次填报,496,460,12010,5
014,08,思想政治教育（师范类）,第1次填报,472,461,11892,5
014,16,历史学（师范类）,第1次填报,477,463,11624,5
014,18,人力资源管理,第1次填报,470,449,13471,5
015,01,地理科学（师范类）,第1次填报,481,476,9881,3
015,11,学前教育（师范类）,第1次填报,474,474,10153,2
015,12,心理学（师范类）,第1次填报,467,467,11059,1
015,13,人文地理与城乡规划,第1次填报,472,449,13471,2
015,14,旅游管理,第1次填报,467,452,13077,5
015,19,小学教育（师范类）,第1次填报,471,471,10527,1
015,23,翻译,第1次填报,467,463,11624,2
015,28,会计学,第1次填报,484,469,10790,2
015,29,审计学,第1次填报,480,479,9452,2
015,30,工商管理,第1次填报,463,451,13209,2
015,31,财务管理,第1次填报,469,469,10790,1
015,32,历史学（师范类）,第1次填报,480,469,10790,2
015,33,思想政治教育（师范类）,第1次填报,449,449,13471,1
015,34,汉语言文学（师范类）,第1次填报,486,479,9452,2
015,35,秘书学,第1次填报,451,450,13339,2
016,A4,广告学,第1次填报,503,502,6783,2
016,T1,法学,第1次填报,530,529,4092,2
021,00,经济学,第1次填报,517,513,5648,2
021,01,市场营销,第1次填报,508,507,6271,2
021,02,旅游管理,第1次填报,506,506,6389,1
021,03,工商管理,第1次填报,515,509,6056,2
021,04,行政管理,第1次填报,522,522,4749,1
021,05,人力资源管理,第1次填报,525,525,4464,1
021,19,朝鲜语,第1次填报,505,505,6488,2
021,26,汉语言文学,第1次填报,548,538,3351,2
021,27,法学,第1次填报,525,522,4749,3
021,28,新闻学,第1次填报,519,516,5331,2
021,29,汉语国际教育,第1次填报,521,515,5446,3
021,34,会计学,第1次填报,536,525,4464,2
021,35,财务管理,第1次填报,519,518,5160,2
021,36,国际商务,第1次填报,515,514,5558,2
022,72,英语（师范类）,第1次填报,509,509,6056,1
022,90,金融学,第1次填报,511,511,5862,1
022,94,人力资源管理,第1次填报,483,483,8949,1
036,17,英语,第1次填报,481,474,10153,5
036,22,汉语国际教育,第1次填报,482,456,12520,2
036,23,广播电视学,第1次填报,473,465,11349,2
036,34,工商管理类,第1次填报,475,456,12520,3
036,49,翻译(英语翻译),第1次填报,479,471,10527,2
036,50,俄语,第1次填报,473,462,11760,2
038,02,经济统计学,第1次填报,498,495,7522,2
038,06,保险学,第1次填报,485,476,9881,2
038,07,投资学,第1次填报,496,486,8600,2
038,08,金融学类(中外合作办学),第1次填报,499,494,7632,3
038,0C,商务英语,第1次填报,490,469,10790,4
038,0G,会计学,第1次填报,506,506,6389,2
038,0K,审计学,第1次填报,512,488,8352,2
038,0Y,工商管理类(中外合作办学),第1次填报,487,481,9194,2
041,01,金融学,第1次填报,511,509,6056,2
041,06,会计学,第1次填报,507,505,6488,2
041,13,财务管理,第1次填报,502,502,6783,2
041,20,英语,第1次填报,495,494,7632,2
045,01,经济学,第1次填报,530,530,4019,1
045,06,金融学,第1次填报,528,528,4177,1
045,11,工商管理,第1次填报,528,528,4177,1
045,19,会计学,第1次填报,527,527,4265,1
046,H1,旅游管理类(中外合作办学),第1次填报,523,487,8480,14
046,H2,工商管理类(中外合作办学),第1次填报,540,511,5862,6
050,0X,物流管理,第1次填报,488,473,10261,5
051,04,财政学,第1次填报,492,488,8352,2
051,06,金融学,第1次填报,508,496,7412,2
051,0A,信用管理,第1次填报,492,483,8949,2
051,0H,汉语言文学,第1次填报,505,488,8352,2
051,0M,广告学,第1次填报,470,469,10790,2
051,0Y,工商管理,第1次填报,512,495,7522,2
051,0Z,会计学,第1次填报,518,517,5246,2
051,15,体育经济与管理,第1次填报,464,449,13471,2
051,17,农林经济管理,第1次填报,499,497,7309,2
051,1B,物流管理,第1次填报,472,472,10391,1
051,1M,市场营销,第1次填报,490,480,9317,2
053,38,国际经济与贸易,第1次填报,501,501,6880,1
053,40,财政学,第1次填报,517,517,5246,1
053,42,工商管理,第1次填报,503,503,6699,1
053,43,物流管理,第1次填报,484,484,8828,1
053,47,英语,第1次填报,509,509,6056,1
053,48,翻译,第1次填报,522,522,4749,1
053,49,法学,第1次填报,506,506,6389,1
053,50,广播电视学,第1次填报,532,532,3849,1
053,51,广告学,第1次填报,506,506,6389,1
053,52,网络与新媒体,第1次填报,520,520,4941,1
053,56,工商管理类(中外合作办学),第1次填报,490,477,9733,4
053,57,工商管理类(中外合作办学),第1次填报,490,469,10790,6
053,58,工商管理类(中外合作办学),第1次填报,500,481,9194,6
056,10,国际商务,第1次填报,489,489,8249,1
056,11,财政学,第1次填报,520,520,4941,1
056,29,市场营销,第1次填报,509,504,6599,2
056,31,会计学,第1次填报,535,535,3582,1
056,33,审计学,第1次填报,509,509,6056,1
056,36,人力资源管理,第1次填报,498,498,7199,1
056,37,行政管理,第1次填报,503,503,6699,1
056,38,国民经济管理,第1次填报,498,498,7199,1
056,41,广告学,第1次填报,504,504,6599,1
056,42,新闻学,第1次填报,499,499,7092,1
056,45,文化产业管理,第1次填报,502,502,6783,1
056,47,酒店管理,第1次填报,505,505,6488,1
056,51,人文地理与城乡规划,第1次填报,491,491,8006,1
058,02,金融学,第1次填报,521,507,6271,2
058,03,法学,第1次填报,550,523,4648,3
058,05,社会工作,第1次填报,511,507,6271,3
058,0E,会计学,第1次填报,513,507,6271,3
058,0G,人力资源管理,第1次填报,516,504,6599,3
059,03,政治学与行政学,第1次填报,493,493,7746,1
059,05,汉语言文学,第1次填报,513,513,5648,2
059,06,新闻学,第1次填报,513,497,7309,2
059,09,财务管理,第1次填报,518,518,5160,1
059,0A,人力资源管理,第1次填报,521,502,6783,3
059,0D,行政管理(企事业行政文化建设方向),第1次填报,506,500,6984,3
059,0F,酒店管理,第1次填报,493,493,7746,1
063,7C,政治学、经济学与哲学,第1次填报,505,500,6984,2
063,7D,思想政治教育（师范类）,第1次填报,513,479,9452,3
063,7Y,教育学类（师范类）,第1次填报,503,503,6699,3
063,8N,中国语言文学类,第1次填报,525,512,5767,3
063,BH,旅游管理,第1次填报,477,467,11059,3
065,55,工商管理,第1次填报,511,504,6599,2
065,56,国际经济与贸易,第1次填报,510,504,6599,2
065,58,市场营销,第1次填报,500,495,7522,2
065,76,公共管理类,第1次填报,516,496,7412,7
068,26,财务管理,第1次填报,484,474,10153,5
075,34,汉语言文学,第1次填报,484,449,13471,5
079,23,旅游管理,第1次填报,484,474,10153,2
079,77,茶学(茶文化与贸易方向),第1次填报,488,483,8949,2
085,22,档案学,第1次填报,460,455,12663,2
085,28,地理科学（师范类）,第1次填报,472,467,11059,2
086,01,工商管理,第1次填报,526,526,4363,1
086,05,法学,第1次填报,530,530,4019,1
086,06,会计学,第1次填报,532,532,3849,1
086,37,会展经济与管理,第1次填报,509,509,6056,1
089,11,汉语言文学,第1次填报,490,485,8715,2
089,31,历史学,第1次填报,469,469,10790,1
089,41,英语,第1次填报,485,485,8715,1
089,92,人文地理与城乡规划,第1次填报,459,459,12148,1
089,A3,学前教育（师范类）,第1次填报,468,468,10925,1
089,A4,特殊教育（师范类）,第1次填报,476,476,9881,1
089,C1,人力资源管理,第1次填报,473,473,10261,1
090,02,新闻学,第1次填报,432,413,18490,6
090,0B,人力资源管理,第1次填报,417,412,18637,5
090,0D,物流管理,第1次填报,419,418,17774,2
090,0J,新能源科学与工程,第1次填报,411,411,18766,1
091,11,外国语言文学类,第1次填报,461,449,13471,4
091,12,教育学类,第1次填报,465,458,12258,4
094,0E,小学教育（师范类）,第1次填报,483,456,12520,10
100,66,市场营销,第1次填报,497,493,7746,3
100,73,工程管理,第1次填报,505,494,7632,2
100,75,社会工作,第1次填报,493,468,10925,4
101,0R,法学,第1次填报,500,500,6984,1
101,0Z,经济学,第1次填报,489,489,8249,1
103,47,物流管理,第1次填报,470,455,12663,2
104,01,经济学,第1次填报,507,507,6271,1
104,02,金融学,第1次填报,507,507,6271,1
104,03,国际经济与贸易,第1次填报,499,499,7092,1
104,04,法学类,第1次填报,509,503,6699,4
104,06,社会工作,第1次填报,505,498,7199,3
109,07,历史学（师范类）,第1次填报,526,524,4561,2
110,1S,思想政治教育,第1次填报,473,468,10925,5
112,55,历史学（师范类）,第1次填报,473,466,11198,4
112,5L,教育学类（师范类）,第1次填报,466,463,11624,4
116,08,市场营销,第1次填报,472,472,10391,1
116,09,人力资源管理,第1次填报,486,486,8600,1
116,10,国际经济与贸易,第1次填报,478,478,9597,1
116,11,物流管理,第1次填报,476,476,9881,1
116,12,经济学,第1次填报,481,481,9194,1
116,13,电子商务,第1次填报,475,475,10019,1
116,22,工商管理类,第1次填报,483,483,8949,1
116,23,英语,第1次填报,486,486,8600,1
116,29,社会工作,第1次填报,456,456,12520,1
116,30,秘书学,第1次填报,480,480,9317,1
118,18,旅游管理,第1次填报,480,477,9733,2
124,20,工商管理,第1次填报,445,405,19649,4
124,30,英语,第1次填报,449,429,16229,3
124,37,康复治疗学,第1次填报,447,436,15283,3
125,28,工程造价,第1次填报,408,402,20113,2
125,39,财务管理,第1次填报,428,408,19224,3
125,41,市场营销,第1次填报,402,401,20272,2
127,0K,汉语言文学,第1次填报,517,479,9452,4
127,3B,护理学,第1次填报,496,482,9064,2
132,01,社会工作,第1次填报,509,509,6056,1
132,02,英语,第1次填报,511,511,5862,1
132,03,日语,第1次填报,509,486,8600,2
132,05,会计学,第1次填报,529,529,4092,1
132,78,经济与贸易类(中外合作办学),第1次填报,501,483,8949,3
141,02,汉语言文学,第1次填报,505,488,8352,13
146,0T,市场营销,第1次填报,495,469,10790,2
146,0U,物流管理,第1次填报,475,473,10261,2
146,0Y,国际经济与贸易,第1次填报,485,475,10019,2
146,0Z,审计学,第1次填报,482,473,10261,2
147,87,农村区域发展,第1次填报,502,492,7868,2
147,C4,茶学,第1次填报,493,482,9064,5
151,03,新闻学,第1次填报,471,468,10925,2
151,05,日语,第1次填报,464,461,11892,2
151,28,法学,第1次填报,487,474,10153,2
151,29,电子商务,第1次填报,461,458,12258,2
151,30,人力资源管理,第1次填报,465,457,12378,2
151,31,财务管理,第1次填报,475,450,13339,2
151,32,市场营销,第1次填报,468,466,11198,2
151,33,国际经济与贸易,第1次填报,476,471,10527,2
151,41,思想政治教育（师范类）,第1次填报,487,469,10790,2
151,42,历史学（师范类）,第1次填报,483,479,9452,2
151,43,汉语言文学（师范类）,第1次填报,487,478,9597,2
151,44,英语（师范类）,第1次填报,478,471,10527,2
151,45,学前教育（师范类）,第1次填报,465,465,11349,2
154,01,经济学,第1次填报,495,488,8352,2
154,10,劳动与社会保障,第1次填报,483,478,9597,2
154,75,工商管理,第1次填报,487,484,8828,2
156,1D,工商管理类(中外合作办学)(包含专业：工商管理),第1次填报,520,509,6056,2
157,01,经济学类,第1次填报,500,498,7199,2
157,09,工商管理类(财会方向),第1次填报,510,491,8006,2
157,0A,工商管理类(企业管理方向),第1次填报,507,498,7199,4
157,0E,法学,第1次填报,504,491,8006,3
157,0L,法语,第1次填报,494,494,7632,1
159,01,思想政治教育（师范类）,第1次填报,494,482,9064,3
159,04,市场营销,第1次填报,455,455,12663,1
159,13,公共事业管理,第1次填报,479,477,9733,3
161,0N,俄语,第1次填报,461,447,13734,5
164,26,会计学,第1次填报,450,441,14598,3
164,31,国际经济与贸易,第1次填报,419,419,17632,1
164,32,新闻学(智能媒体),第1次填报,429,419,17632,2
165,02,学前教育（师范类）,第1次填报,428,428,16374,2
165,17,工商管理,第1次填报,440,420,17498,2
165,18,财务管理,第1次填报,424,409,19086,3
165,31,护理学,第1次填报,439,411,18766,2
167,W1,法学,第1次填报,504,504,6599,1
167,W2,国际经济与贸易,第1次填报,487,487,8480,1
167,W3,金融学,第1次填报,495,495,7522,1
167,W4,工商管理,第1次填报,504,504,6599,1
167,W5,市场营销,第1次填报,462,462,11760,1
167,W6,旅游管理,第1次填报,498,498,7199,1
167,W7,会计学,第1次填报,516,516,5331,1
167,W8,财务管理,第1次填报,501,501,6880,1
167,W9,电子商务,第1次填报,494,494,7632,1
167,WA,英语,第1次填报,511,511,5862,1
175,00,汉语言文学（师范类）,第1次填报,477,456,12520,5
176,01,交通运输,第1次填报,436,429,16229,2
176,02,工程造价,第1次填报,422,416,18033,2
176,03,财务管理,第1次填报,421,408,19224,2
190,01,经济学,第1次填报,494,483,8949,3
190,08,英语,第1次填报,483,476,9881,4
190,0A,广告学,第1次填报,478,467,11059,2
190,0X,市场营销,第1次填报,472,470,10651,2
190,1B,会计学,第1次填报,501,491,8006,4
196,04,法学,第1次填报,505,485,8715,14
196,05,汉语言文学,第1次填报,490,484,8828,5
197,56,国际经济与贸易,第1次填报,518,515,5446,2
197,59,工商管理,第1次填报,512,508,6163,2
197,66,汉语言文学,第1次填报,532,518,5160,2
197,69,英语,第1次填报,514,510,5960,2
197,74,法学,第1次填报,521,519,5044,2
198,04,法学,第1次填报,481,481,9194,1
198,05,英语,第1次填报,516,516,5331,1
200,26,国际经济与贸易,第1次填报,509,499,7092,2
208,01,金融学,第1次填报,540,511,5862,2
208,05,会计学,第1次填报,520,518,5160,2
208,08,保险学,第1次填报,514,514,5558,1
208,15,资产评估,第1次填报,500,500,6984,1
214,02,国际经济与贸易,第1次填报,484,445,14025,6
214,08,日语,第1次填报,470,449,13471,4
214,09,广播电视学,第1次填报,479,467,11059,5
217,30,工商管理类,第1次填报,524,520,4941,2
217,32,工商管理类(中外合作办学),第1次填报,522,516,5331,2
217,33,英语(国际贸易方向),第1次填报,541,541,3097,1
217,34,德语(国际贸易方向),第1次填报,518,518,5160,1
217,43,公共管理类,第1次填报,517,512,5767,2
218,01,软件工程,第1次填报,403,399,20523,4
222,14,护理学,第1次填报,479,479,9452,2
222,16,公共事业管理,第1次填报,479,469,10790,2
222,17,英语,第1次填报,485,484,8828,2
223,33,市场营销,第1次填报,472,447,13734,3
223,38,经济学,第1次填报,490,476,9881,4
227,33,金融工程,第1次填报,402,402,20113,1
227,90,财务管理,第1次填报,407,399,20523,3
227,91,审计学,第1次填报,401,399,20523,2
227,H7,会计学,第1次填报,425,425,16813,1
227,K1,土木工程,第1次填报,408,408,19224,1
227,L3,电子商务(跨境电商方向),第1次填报,399,399,20523,1
227,M4,思想政治教育,第1次填报,418,418,17774,1
227,M5,秘书学(行政秘书方向),第1次填报,401,401,20272,1
228,27,国际经济与贸易,第1次填报,466,466,11198,1
228,30,会计学,第1次填报,495,495,7522,1
228,32,公共事业管理,第1次填报,477,477,9733,1
228,40,英语,第1次填报,482,482,9064,1
228,44,知识产权,第1次填报,480,480,9317,1
238,26,物流管理,第1次填报,520,512,5767,2
238,37,工商管理类(中外合作办学),第1次填报,513,500,6984,5
241,28,国际经济与贸易,第1次填报,489,489,8249,1
241,29,工商管理,第1次填报,471,471,10527,1
241,30,市场营销,第1次填报,502,489,8249,2
241,31,会计学,第1次填报,515,511,5862,3
241,34,法语,第1次填报,536,505,6488,2
241,35,西班牙语,第1次填报,516,489,8249,2
241,36,葡萄牙语,第1次填报,510,502,6783,2
241,37,阿拉伯语,第1次填报,483,483,8949,1
241,59,汉语言文学,第1次填报,509,509,6056,1
241,60,汉语国际教育,第1次填报,514,514,5558,1
251,21,电子商务,第1次填报,521,515,5446,2
251,33,商务英语,第1次填报,523,520,4941,2
252,1Z,财务管理,第1次填报,500,493,7746,4
252,27,俄语,第1次填报,487,473,10261,4
262,A3,服装设计与工程(服装设计与智能制造、服装设计与现代工程),第1次填报,429,418,17774,2
262,B7,软件工程(互联网营销与管理),第1次填报,415,415,18200,1
314,02,财务管理,第1次填报,479,463,11624,4
316,0T,中国语言文学类,第1次填报,556,540,3178,4
316,0V,外国语言文学类,第1次填报,530,526,4363,4
316,0W,俄语,第1次填报,524,499,7092,4
322,05,学前教育（师范类）,第1次填报,480,480,9317,1
322,09,翻译,第1次填报,464,464,11481,1
322,2M,广播电视学,第1次填报,450,450,13339,1
322,31,汉语言文学（师范类）,第1次填报,509,507,6271,2
322,33,英语（师范类）,第1次填报,496,474,10153,3
322,35,法学,第1次填报,487,470,10651,3
325,0G,哲学,第1次填报,515,492,7868,2
325,0H,法学,第1次填报,516,498,7199,2
325,0L,历史学（师范类）,第1次填报,522,518,5160,2
325,1K,工商管理类,第1次填报,514,512,5767,2
325,31,英语(含师范、非师范，英泰、英越、英缅双语),第1次填报,534,531,3925,2
329,20,人力资源管理,第1次填报,517,504,6599,3
336,04,网络与新媒体,第1次填报,492,473,10261,4
336,06,体育经济与管理,第1次填报,472,466,11198,4
336,14,公共事业管理,第1次填报,473,464,11481,3
337,23,新闻学,第1次填报,493,477,9733,2
340,03,思想政治教育（师范类）,第1次填报,465,460,12010,2
340,0A,小学教育（师范类）,第1次填报,468,465,11349,2
341,27,劳动与社会保障,第1次填报,470,470,10651,1
342,17,经济学,第1次填报,402,402,20113,1
342,21,财务管理,第1次填报,399,399,20523,1
343,02,国际经济与贸易,第1次填报,464,464,11481,1
343,03,法学类,第1次填报,496,485,8715,2
343,04,教育学类,第1次填报,484,483,8949,2
346,02,金融学,第1次填报,507,507,6271,1
346,03,国际经济与贸易,第1次填报,490,490,8125,1
346,04,法学,第1次填报,511,496,7412,2
346,05,社会工作,第1次填报,472,449,13471,2
346,07,俄语,第1次填报,478,478,9597,1
346,08,日语,第1次填报,484,484,8828,1
346,09,广告学,第1次填报,494,483,8949,2
346,42,工商管理,第1次填报,500,500,6984,1
346,44,会计学,第1次填报,506,506,6389,1
346,45,财务管理,第1次填报,495,495,7522,1
346,46,公共事业管理,第1次填报,491,480,9317,2
346,47,劳动与社会保障,第1次填报,485,470,10651,2
346,50,电子商务,第1次填报,488,488,8352,1
349,01,广告学,第1次填报,417,411,18766,2
349,25,工程造价,第1次填报,436,420,17498,3
349,26,工商管理,第1次填报,420,411,18766,3
349,27,财务管理,第1次填报,421,418,17774,3
349,28,文化产业管理,第1次填报,419,405,19649,2
349,29,电子商务,第1次填报,424,421,17344,3
350,04,市场营销,第1次填报,445,444,14161,2
352,03,护理学,第1次填报,491,482,9064,2
352,14,应用心理学,第1次填报,494,488,8352,2
352,17,公共事业管理,第1次填报,467,459,12148,3
352,19,市场营销,第1次填报,468,457,12378,2
352,21,英语,第1次填报,475,473,10261,2
353,0C,汉语言文学（师范类）,第1次填报,484,465,11349,2
353,16,工程管理,第1次填报,457,457,12378,1
353,1E,物流管理,第1次填报,448,448,13601,1
354,09,税收学,第1次填报,539,539,3268,1
356,23,护理学,第1次填报,440,405,19649,7
356,25,康复治疗学,第1次填报,442,404,19805,6
356,27,工程造价,第1次填报,406,406,19528,1
356,33,园艺,第1次填报,405,405,19649,1
356,35,农林经济管理,第1次填报,411,402,20113,2
356,39,市场营销,第1次填报,414,408,19224,4
356,43,旅游管理,第1次填报,427,414,18337,3
356,45,国际经济与贸易,第1次填报,428,405,19649,4
356,49,财务管理,第1次填报,435,422,17223,6
356,51,金融学,第1次填报,427,419,17632,2
356,57,英语,第1次填报,426,409,19086,3
356,61,汉语国际教育,第1次填报,429,402,20113,3
358,31,英语,第1次填报,534,534,3674,1
358,36,财务管理,第1次填报,507,507,6271,1
358,37,国际经济与贸易,第1次填报,507,507,6271,1
358,44,行政管理,第1次填报,507,507,6271,1
358,51,汉语国际教育,第1次填报,509,509,6056,1
358,52,社会工作,
367,02,学前教育,第1次填报,415,415,18200,1
367,19,市场营销,第1次填报,427,427,16504,1
367,20,国际经济与贸易,第1次填报,411,408,19224,2
367,22,会计学,第1次填报,433,428,16374,2
367,35,英语,第1次填报,431,409,19086,2
367,36,翻译,第1次填报,421,409,19086,3
367,45,人力资源管理,第1次填报,426,411,18766,4
367,49,法学,第1次填报,435,426,16652,2
367,50,护理学,第1次填报,418,401,20272,4
370,06,广告学,第1次填报,433,405,19649,3
370,0B,网络与新媒体,第1次填报,418,410,18938,3
370,0M,文化产业管理,第1次填报,425,404,19805,4
370,1J,市场营销,第1次填报,408,403,19961,3
371,01,会计学,第1次填报,433,420,17498,3
371,02,财务管理,第1次填报,420,411,18766,2
371,06,工程管理,第1次填报,409,407,19381,2
379,01,药学,第1次填报,433,416,18033,2
379,03,康复治疗学,第1次填报,441,441,14598,1
379,04,护理学,第1次填报,431,423,17084,2
379,05,计算机科学与技术,第1次填报,433,433,15671,1
379,13,交通运输,第1次填报,420,420,17498,1
379,81,学前教育（师范类）,第1次填报,427,418,17774,3
394,09,土木工程,
394,37,学前教育,第1次填报,419,414,18337,4
395,03,投资学,第1次填报,417,405,19649,2
395,0H,商务英语,第1次填报,412,412,18637,1
404,03,历史学（师范类）,第1次填报,485,468,10925,2
404,07,法学,第1次填报,490,481,9194,2
404,28,地理科学（师范类）,第1次填报,485,477,9733,2
405,1K,酒店管理,第1次填报,505,505,6488,1
405,1N,网络与新媒体,第1次填报,521,521,4855,1
406,02,政治学与行政学,第1次填报,491,481,9194,3
406,06,思想政治教育（师范类）,第1次填报,512,492,7868,3
406,07,汉语言文学（师范类）,第1次填报,507,503,6699,2
406,20,市场营销,第1次填报,477,448,13601,3
406,21,会计学,第1次填报,498,485,8715,2
406,22,国际经济与贸易,第1次填报,490,469,10790,3
406,23,旅游管理,第1次填报,477,467,11059,3
406,58,中医学,第1次填报,518,510,5960,3
418,0C,地理科学类,第1次填报,504,489,8249,5
418,20,旅游管理,第1次填报,496,469,10790,5
418,35,新闻传播学类（师范类）,第1次填报,510,490,8125,5
418,3G,应用心理学（师范类）,第1次填报,505,483,8949,5
418,3H,园林,第1次填报,496,473,10261,5
421,02,金融学,第1次填报,496,479,9452,2
421,06,国际经济与贸易,第1次填报,468,467,11059,2
421,0F,汉语国际教育,第1次填报,475,468,10925,2
421,0H,英语,第1次填报,478,471,10527,2
421,0K,商务英语,第1次填报,483,471,10527,2
421,1V,会计学,第1次填报,495,472,10391,3
421,1Y,旅游管理,第1次填报,465,465,11349,2
423,01,思想政治教育（师范类）,第1次填报,503,503,6699,1
423,02,法学,第1次填报,508,508,6163,1
423,03,汉语言文学（师范类）,第1次填报,498,498,7199,1
423,05,秘书学,第1次填报,465,465,11349,1
423,09,新闻学,第1次填报,500,500,6984,1
423,0B,网络与新媒体,第1次填报,487,487,8480,1
424,0H,广告学,第1次填报,506,486,8600,2
424,0L,工商管理类,第1次填报,493,492,7868,2
424,0M,会计学,第1次填报,507,500,6984,2
424,0T,风景园林,第1次填报,504,500,6984,2
425,39,工商管理,第1次填报,516,508,6163,2
425,54,新闻传播学类,第1次填报,515,512,5767,4
425,C5,会计学(高职本科),第1次填报,515,490,8125,2
425,C6,财务管理(高职本科),第1次填报,507,491,8006,2
428,1A,法学,第1次填报,486,486,8600,2
428,1B,行政管理,第1次填报,494,494,7632,1
428,1D,英语,第1次填报,499,499,7092,1
428,1E,国际经济与贸易,第1次填报,488,488,8352,1
428,1F,日语,第1次填报,494,494,7632,1
428,1P,财务管理,第1次填报,503,503,6699,1
428,1Q,物流管理,第1次填报,509,509,6056,1
428,1R,人力资源管理,第1次填报,497,496,7412,2
428,1S,软件工程(会计方向),第1次填报,518,501,6880,2
428,1T,软件工程(电商方向),第1次填报,505,465,11349,2
428,1U,软件工程(金融方向),第1次填报,501,489,8249,2
429,01,地理科学（师范类）,第1次填报,509,508,6163,2
429,06,广告学,第1次填报,514,484,8828,2
429,0N,应用心理学（师范类）,第1次填报,506,504,6599,2
429,0P,财务管理,第1次填报,498,479,9452,2
429,0Q,会计学,第1次填报,515,500,6984,2
429,0T,历史学（师范类）,第1次填报,522,515,5446,2
429,0V,人文教育（师范类）,第1次填报,499,494,7632,2
429,0W,思想政治教育（师范类）,第1次填报,515,509,6056,2
429,1D,阿拉伯语,第1次填报,502,484,8828,2
429,1E,德语,第1次填报,504,502,6783,2
429,1F,俄语（师范类）,第1次填报,506,486,8600,2
429,1G,法语,第1次填报,507,493,7746,3
429,1H,日语（师范类）,第1次填报,505,504,6599,2
429,1K,英语（师范类）,第1次填报,516,513,5648,2
429,1M,汉语国际教育（师范类）,第1次填报,514,507,6271,2
429,1N,汉语言文学（师范类）,第1次填报,534,523,4648,2
429,1X,法学,第1次填报,508,506,6389,2
429,1Y,社会工作,第1次填报,479,468,10925,2
429,20,旅游管理类(中外合作办学),
429,21,教育学类(中外合作办学)（师范类）,第1次填报,469,469,10790,2
429,2E,朝鲜语（师范类）,第1次填报,490,466,11198,2
430,53,市场营销,第1次填报,458,458,12258,1
430,54,财务管理,第1次填报,478,478,9597,1
430,55,建筑学,第1次填报,467,467,11059,1
430,60,英语,第1次填报,479,479,9452,1
431,16,电子商务,第1次填报,428,416,18033,2
431,18,会计学,第1次填报,442,404,19805,8
431,19,物流管理,第1次填报,415,408,19224,5
431,20,工商管理,第1次填报,419,413,18490,2
431,21,市场营销,第1次填报,408,402,20113,11
431,22,劳动与社会保障,第1次填报,421,401,20272,16
431,23,社会工作,第1次填报,408,401,20272,8
431,24,英语,第1次填报,478,409,19086,7
431,25,日语,第1次填报,427,410,18938,7
432,22,工商管理类(中外合作办学),第1次填报,468,468,10925,2
432,23,工商管理类(中外合作办学),第1次填报,463,449,13471,3
437,01,建筑学,
437,22,会计学,第1次填报,410,409,19086,2
437,24,工商管理,第1次填报,405,404,19805,2
437,25,人力资源管理,第1次填报,405,402,20113,4
438,30,俄语,第1次填报,497,493,7746,2
446,02,金融学,第1次填报,425,414,18337,3
446,03,法学,第1次填报,438,429,16229,2
446,08,财务管理,第1次填报,426,426,16652,1
446,12,人力资源管理,第1次填报,427,410,18938,2
447,12,法学,第1次填报,513,511,5862,2
447,13,政治学与行政学,第1次填报,484,480,9317,2
447,15,会计学,第1次填报,506,506,6389,1
447,18,编辑出版学,第1次填报,503,493,7746,2
447,19,广告学,第1次填报,491,491,8006,1
447,20,汉语言文学,第1次填报,512,489,8249,2
447,21,日语,第1次填报,487,483,8949,2
447,22,朝鲜语,第1次填报,477,469,10790,2
447,23,商务英语,第1次填报,506,502,6783,2
447,24,翻译,第1次填报,486,486,8600,1
447,50,行政管理,第1次填报,495,495,7522,1
447,53,社会工作,第1次填报,494,491,8006,2
447,B0,经济与贸易类(中外合作办学),第1次填报,510,482,9064,2
447,B1,工商管理类(中外合作办学),第1次填报,478,471,10527,3
447,B3,工商管理类(中外合作办学),第1次填报,477,467,11059,3
447,B4,金融学类(中外合作办学),第1次填报,482,467,11059,2
447,B5,旅游管理类(中外合作办学),
449,04,金融学,第1次填报,413,406,19528,2
449,0A,法学,第1次填报,435,405,19649,3
449,27,工商管理,第1次填报,411,411,18766,1
449,29,会计学,第1次填报,435,423,17084,2
449,2G,电子商务,第1次填报,406,404,19805,2
451,17,工程管理,第1次填报,401,399,20523,2
451,1F,俄语,第1次填报,404,399,20523,3
451,1P,财务管理(英才班),第1次填报,405,402,20113,4
455,01,经济学,第1次填报,468,468,10925,1
455,06,思想政治教育(师范),第1次填报,487,487,8480,1
455,08,学前教育(师范),第1次填报,500,500,6984,1
455,11,汉语言文学(师范),第1次填报,524,524,4561,1
455,18,网络与新媒体,第1次填报,506,506,6389,1
455,19,历史学(师范),第1次填报,502,502,6783,1
455,43,人力资源管理,第1次填报,486,486,8600,1
455,48,旅游管理,第1次填报,464,464,11481,1
456,08,小学教育（师范类）,第1次填报,476,467,11059,5
457,01,经济学,第1次填报,499,491,8006,5
457,02,金融学,第1次填报,501,483,8949,5
457,03,国际经济与贸易,第1次填报,498,484,8828,5
457,04,社会学,第1次填报,492,474,10153,5
457,05,社会工作,第1次填报,499,469,10790,5
457,06,思想政治教育,第1次填报,496,475,10019,5
457,07,汉语言文学,第1次填报,499,490,8125,5
457,08,英语,第1次填报,493,492,7868,5
457,09,俄语,第1次填报,497,469,10790,5
457,10,商务英语,第1次填报,497,483,8949,5
457,16,应用心理学,第1次填报,493,477,9733,5
457,52,信息管理与信息系统,第1次填报,503,478,9597,5
457,54,工商管理,第1次填报,490,482,9064,5
457,55,市场营销,第1次填报,490,472,10391,5
457,56,会计学,第1次填报,506,489,8249,5
457,57,财务管理,第1次填报,495,490,8125,5
457,58,公共事业管理,第1次填报,481,469,10790,5
459,04,学前教育（师范类）,第1次填报,464,449,13471,3
459,36,物流管理,第1次填报,460,435,15417,2
461,31,会计学,第1次填报,511,490,8125,8
461,32,国际经济与贸易,第1次填报,491,485,8715,3
461,33,市场营销,第1次填报,484,461,11892,3
461,34,工商管理,第1次填报,488,482,9064,6
461,37,汉语言文学,第1次填报,501,482,9064,2
461,38,法学,第1次填报,487,483,8949,2
461,41,秘书学,第1次填报,486,459,12148,3
461,42,网络与新媒体,第1次填报,500,497,7309,3
461,43,英语,第1次填报,495,490,8125,5
461,44,日语,第1次填报,506,484,8828,4
466,0S,工商管理类,第1次填报,505,489,8249,4
466,0W,汉语言文学(对外文化交流方向),第1次填报,518,489,8249,3
466,0X,法学,第1次填报,504,504,6599,1
467,53,汉语言文学（师范类）,第1次填报,488,468,10925,6
467,85,中西医临床医学,第1次填报,515,505,6488,3
467,87,中医学,第1次填报,511,505,6488,2
469,05,思想政治教育（师范类）,第1次填报,474,449,13471,2
469,06,历史学（师范类）,第1次填报,477,475,10019,2
472,03,工商管理,第1次填报,435,420,17498,3
472,05,人力资源管理,第1次填报,440,427,16504,3
472,08,汉语言文学,第1次填报,450,436,15283,3
480,0A,思想政治教育（师范类）,第1次填报,516,516,5331,1
480,0M,汉语言文学（师范类）,第1次填报,525,525,4464,1
480,0U,历史学（师范类）,第1次填报,517,517,5246,1
480,2A,教育学类（师范类）,第1次填报,505,505,6488,1
482,19,经济与贸易类,第1次填报,419,419,17632,2
482,23,外国语言文学类,第1次填报,436,419,17632,3
482,30,工商管理类,第1次填报,433,422,17223,3
487,01,金融学,第1次填报,440,440,14730,1
487,0A,市场营销,第1次填报,425,425,16813,1
487,0B,会计学,第1次填报,407,407,19381,1
487,0C,会计学(注册会计师),第1次填报,435,435,15417,1
495,02,法学,第1次填报,453,429,16229,3
495,03,汉语言文学,第1次填报,495,449,13471,2
499,32,软件工程,第1次填报,437,432,15810,4
499,41,工商管理,第1次填报,428,414,18337,4
499,42,市场营销,第1次填报,424,413,18490,2
499,43,财务管理,第1次填报,430,410,18938,8
499,51,信息管理与信息系统,第1次填报,433,420,17498,3
499,52,工程管理,第1次填报,417,406,19528,6
499,53,资产评估,第1次填报,421,413,18490,3
499,61,英语,第1次填报,434,423,17084,3
499,62,德语,第1次填报,430,426,16652,3
500,20,公共事业管理,第1次填报,464,459,12148,2
502,04,汉语言文学,第1次填报,483,483,8949,1
502,05,新闻学,第1次填报,486,486,8600,1
502,07,法学,第1次填报,490,490,8125,1
502,08,行政管理,第1次填报,449,449,13471,1
502,09,土地资源管理,第1次填报,472,472,10391,1
502,10,金融学,第1次填报,478,478,9597,1
502,11,国际经济与贸易,第1次填报,488,488,8352,1
502,12,工商管理,第1次填报,490,490,8125,1
502,13,市场营销,第1次填报,448,448,13601,1
502,18,英语,第1次填报,486,486,8600,1
503,0F,信息管理与信息系统,第1次填报,449,442,14463,2
503,0H,国际经济与贸易,第1次填报,432,409,19086,2
503,0J,电子商务,第1次填报,451,441,14598,2
503,0L,工商管理类,第1次填报,456,437,15143,2
510,02,经济与贸易类,第1次填报,494,492,7868,2
510,04,中国语言文学类,第1次填报,513,507,6271,2
510,07,俄语,第1次填报,504,486,8600,2
510,19,公共管理类,第1次填报,498,490,8125,2
511,02,金融学,第1次填报,412,409,19086,2
511,03,国际经济与贸易,第1次填报,406,406,19528,1
511,09,会计学,第1次填报,437,433,15671,2
511,11,人力资源管理,第1次填报,422,412,18637,2
511,12,行政管理,第1次填报,418,417,17897,2
511,14,旅游管理,
514,03,教育学,第1次填报,431,424,16952,2
514,04,学前教育,第1次填报,432,408,19224,3
514,08,广告学,第1次填报,419,409,19086,2
514,17,财务管理,第1次填报,428,427,16504,2
527,05,学前教育（师范类）,第1次填报,498,492,7868,2
527,0P,广播电视学,第1次填报,469,469,10790,1
527,2U,工商管理,第1次填报,485,485,8715,1
527,2W,工程造价,第1次填报,494,494,7632,1
527,2Y,会展经济与管理,第1次填报,488,488,8352,1
527,2Z,旅游管理与服务教育,第1次填报,492,492,7868,1
527,35,法学,第1次填报,507,507,6271,1
527,36,行政管理,第1次填报,492,492,7868,1
527,37,应用心理学,第1次填报,514,514,5558,1
527,38,小学教育（师范类）,第1次填报,496,496,7412,1
527,4K,商务英语,第1次填报,502,489,8249,2
528,01,金融学类,第1次填报,447,447,13734,1
528,05,社会工作,第1次填报,477,477,9733,1
528,06,教育学(小学),第1次填报,443,443,14310,1
528,09,英语(含商务、教育方向),第1次填报,470,470,10651,1
528,11,法语,第1次填报,501,501,6880,1
528,13,翻译,第1次填报,449,449,13471,1
528,14,传播学(含新闻报道、广告与新媒体、时尚编辑方向),第1次填报,474,474,10153,1
528,16,文物与博物馆学(含文物数字信息、文物修复方向),第1次填报,420,420,17498,1
528,30,建筑类,第1次填报,431,431,15964,1
528,35,工程造价,第1次填报,437,437,15143,1
528,36,工商管理类,第1次填报,436,432,15810,4
528,37,工商管理(珠宝鉴定与经营),第1次填报,414,414,18337,1
528,39,会计学(英语国际学分互认课程班),第1次填报,418,418,17774,1
528,40,会展经济与管理,第1次填报,420,410,18938,2
528,42,旅游管理(国际旅游),第1次填报,441,441,14598,1
528,79,旅游管理,第1次填报,404,404,19805,1
530,1N,工商管理类,第1次填报,527,522,4749,2
531,02,市场营销,第1次填报,460,454,12811,2
531,B6,人力资源管理,第1次填报,456,452,13077,2
531,C1,新闻学,第1次填报,465,442,14463,2
531,C2,汉语国际教育,第1次填报,457,443,14310,2
532,07,秘书学,第1次填报,460,458,12258,2
532,09,地理科学,第1次填报,461,453,12946,3
532,13,社会工作,第1次填报,451,451,13209,1
535,02,保险学,第1次填报,468,468,10925,1
535,0F,商务英语,第1次填报,499,499,7092,1
535,12,中医学,第1次填报,547,547,2666,1
535,1X,市场营销,第1次填报,494,494,7632,1
535,21,公共事业管理,第1次填报,500,500,6984,1
535,26,汉语国际教育,第1次填报,495,495,7522,1
535,2A,中医学(美容与康复方向),第1次填报,514,514,5558,1
535,2C,针灸推拿学(针刀方向),第1次填报,532,532,3849,1
537,01,金融学,第1次填报,519,505,6488,2
537,02,金融学(2十2中外联合培养双学位),第1次填报,537,521,4855,2
537,05,国际经济与贸易,第1次填报,510,506,6389,2
537,06,法学,第1次填报,523,491,8006,3
537,07,教育学,第1次填报,503,496,7412,5
537,08,学前教育,第1次填报,495,492,7868,3
537,10,汉语言文学,第1次填报,521,508,6163,6
537,11,汉语国际教育,第1次填报,510,498,7199,6
537,13,英语,第1次填报,519,513,5648,3
537,14,日语,第1次填报,495,493,7746,2
537,15,广告学,第1次填报,500,493,7746,2
537,16,广告学(2十2中外联合培养双学位),第1次填报,519,498,7199,3
537,17,传播学,第1次填报,507,500,6984,5
537,18,编辑出版学,第1次填报,496,494,7632,2
537,21,应用心理学(2十2中外联合培养双学位),第1次填报,517,517,5246,1
537,33,城乡规划,第1次填报,494,493,7746,2
537,34,城乡规划(2十2中外联合培养双学位),第1次填报,494,494,7632,1
537,36,房地产开发与管理,第1次填报,495,493,7746,2
537,37,工商管理,第1次填报,503,503,6699,2
537,38,市场营销,第1次填报,517,492,7868,3
537,39,会计学,第1次填报,518,508,6163,2
537,41,财务管理,第1次填报,518,518,5160,1
537,42,人力资源管理,第1次填报,508,500,6984,2
537,43,人力资源管理(2十2中外联合培养双学位),第1次填报,507,501,6880,2
537,45,行政管理,第1次填报,504,492,7868,2
537,46,物流管理,第1次填报,500,495,7522,3
537,73,会展经济与管理,第1次填报,506,491,8006,3
541,08,法学,第1次填报,499,499,7092,1
541,0F,学前教育（师范类）,第1次填报,485,485,8715,1
541,0Y,广播电视学,第1次填报,492,492,7868,1
541,11,历史学（师范类）,第1次填报,487,487,8480,1
541,3E,工商管理,第1次填报,504,504,6599,1
542,01,汉语言文学,第1次填报,502,487,8480,2
542,04,针灸推拿学,第1次填报,513,512,5767,2
546,0G,文化产业管理,第1次填报,510,505,6488,2
546,0V,社会工作,第1次填报,500,488,8352,2
546,28,健康服务与管理,第1次填报,506,506,6389,1
547,01,汉语言文学,第1次填报,484,473,10261,3
547,0R,地理科学,第1次填报,486,469,10790,3
548,01,汉语言文学（师范类）,第1次填报,507,494,7632,3
548,02,秘书学,第1次填报,467,463,11624,2
548,03,汉语国际教育,第1次填报,492,478,9597,2
548,04,历史学（师范类）,第1次填报,490,468,10925,2
548,09,英语（师范类）,第1次填报,497,488,8352,4
548,10,德语,第1次填报,490,480,9317,2
548,16,小学教育（师范类）,第1次填报,499,478,9597,4
548,18,思想政治教育（师范类）,第1次填报,487,469,10790,2
548,21,物流管理,第1次填报,490,475,10019,2
548,63,地理科学类,第1次填报,470,469,10790,2
549,04,汉语言文学,第1次填报,430,416,18033,5
549,08,俄语,第1次填报,418,407,19381,5
549,11,商务英语,第1次填报,424,410,18938,5
549,26,物流管理,第1次填报,406,400,20396,3
552,06,新闻学(新媒体方向),第1次填报,514,504,6599,3
552,07,英语(国际体育交流方向),第1次填报,504,492,7868,3
552,08,新闻学(体育文化传媒方向),第1次填报,513,489,8249,3
561,01,金融学类,第1次填报,423,423,17084,1
561,02,汉语国际教育,第1次填报,426,421,17344,2
561,03,英语,第1次填报,427,413,18490,3
561,0C,工商管理类,第1次填报,427,420,17498,5
561,0D,人力资源管理,第1次填报,419,419,17632,2
561,0E,劳动与社会保障,第1次填报,409,409,19086,1
562,78,外国语言文学类(中外合作办学),第1次填报,533,526,4363,5
563,W1,公共事业管理,第1次填报,493,493,7746,2
563,W2,国际经济与贸易,第1次填报,492,483,8949,2
563,W3,会计学,第1次填报,493,493,7746,1
563,W4,农林经济管理,第1次填报,489,489,8249,1
563,W5,市场营销,第1次填报,491,489,8249,2
563,W6,酒店管理,第1次填报,478,478,9597,1
563,W7,人力资源管理,第1次填报,488,488,8352,1
563,W8,文化产业管理,第1次填报,492,492,7868,1
563,W9,英语,第1次填报,499,496,7412,2
563,WA,旅游管理,第1次填报,491,491,8006,1
564,02,市场营销,第1次填报,505,504,6599,2
564,03,市场营销(国际营销班),第1次填报,506,505,6488,2
564,04,公共事业管理,第1次填报,515,512,5767,2
564,05,劳动与社会保障,第1次填报,514,504,6599,2
564,06,汉语言,第1次填报,527,526,4363,2
564,08,健康服务与管理,第1次填报,517,517,5246,2
564,09,传播学,第1次填报,513,508,6163,2
576,02,汉语言文学（师范类）,第1次填报,485,482,9064,3
576,04,秘书学,第1次填报,466,449,13471,4
576,0X,英语（师范类）,第1次填报,485,477,9733,3
578,06,小学教育（师范类）,第1次填报,444,439,14865,3
578,26,财务管理,第1次填报,436,431,15964,2
578,30,旅游管理,第1次填报,418,412,18637,5
580,55,法学,第1次填报,498,488,8352,5
580,58,汉语言文学（师范类）,第1次填报,506,503,6699,5
582,02,汉语言文学（师范类）,第1次填报,465,449,13471,3
582,09,历史学（师范类）,第1次填报,449,449,13471,1
585,06,能源经济,第1次填报,420,419,17632,2
585,08,会计学,第1次填报,428,425,16813,3
590,02,国际经济与贸易,第1次填报,498,495,7522,2
590,73,工商管理,第1次填报,507,473,10261,2
592,11,汉语国际教育,第1次填报,481,480,9317,2
592,58,旅游管理,第1次填报,473,471,10527,2
595,04,针灸推拿学,第1次填报,516,513,5648,2
595,0F,护理学,第1次填报,500,484,8828,2
595,0H,公共事业管理(卫生事业管理方向),第1次填报,466,466,11198,1
596,45,工商管理,第1次填报,479,477,9733,2
596,47,酒店管理,第1次填报,475,468,10925,2
596,52,财务管理,第1次填报,481,478,9597,4
596,53,会计学,第1次填报,483,480,9317,4
596,59,翻译,第1次填报,495,477,9733,2
596,63,汉语言文学,第1次填报,488,484,8828,3
596,64,新闻学,第1次填报,477,467,11059,3
596,S1,学前教育（师范类）,第1次填报,475,470,10651,3
598,A1,汉语言文学（师范类）,第1次填报,484,468,10925,5
598,B3,酒店管理,第1次填报,463,448,13601,3
598,C1,法学,第1次填报,487,479,9452,5
598,E6,人力资源管理,第1次填报,465,454,12811,5
598,F2,学前教育（师范类）,第1次填报,463,462,11760,6
598,G1,思想政治教育（师范类）,第1次填报,471,448,13601,6
602,08,房地产开发与管理,第1次填报,455,447,13734,4
602,11,财务管理,第1次填报,467,462,11760,4
603,01,财务管理,第1次填报,519,519,5044,1
603,02,国际经济与贸易,第1次填报,524,524,4561,1
603,05,法学,第1次填报,524,509,6056,2
603,15,汉语言文学(创意中文实验班),第1次填报,532,532,3849,2
607,13,小学教育（师范类）,第1次填报,508,489,8249,2
607,70,汉语言文学,第1次填报,516,509,6056,2
609,0L,新闻学,第1次填报,474,471,10527,4
609,0W,人文地理与城乡规划,第1次填报,471,464,11481,4
611,01,广播电视学,第1次填报,488,488,8352,1
611,02,广告学(含职教师范),第1次填报,488,488,8352,1
611,04,汉语言文学（师范类）,第1次填报,506,505,6488,2
611,11,历史学（师范类）,第1次填报,503,486,8600,2
611,22,法学(企业法律实务),第1次填报,498,496,7412,3
611,31,法语,第1次填报,495,495,7522,1
611,33,日语,第1次填报,480,464,11481,2
614,01,金融工程,第1次填报,407,407,19381,2
614,03,国际经济与贸易,第1次填报,417,403,19961,2
614,0A,学前教育,第1次填报,418,413,18490,4
614,0D,汉语言文学,第1次填报,440,440,14730,1
614,0J,英语,第1次填报,408,407,19381,2
614,0M,宝石及材料工艺学,第1次填报,434,400,20396,2
614,10,服装设计与工程
614,1A,信息管理与信息系统,第1次填报,405,405,19649,1
614,1B,工程造价,第1次填报,404,404,19805,1
614,1F,财务管理,第1次填报,412,410,18938,2
614,1G,人力资源管理,第1次填报,408,408,19224,1
614,1H,审计学,第1次填报,419,401,20272,4
614,1P,电子商务,第1次填报,405,405,19649,1
616,14,学前教育,第1次填报,407,401,20272,2
617,1J,人力资源管理,第1次填报,504,495,7522,5
617,1P,汉语国际教育,第1次填报,500,497,7309,5
619,01,俄语,第1次填报,465,457,12378,5
628,4B,房地产开发与管理,第1次填报,455,450,13339,2
628,4D,旅游管理,第1次填报,475,455,12663,2
628,4E,工商管理,第1次填报,482,465,11349,2
628,4F,财务管理,第1次填报,476,471,10527,2
628,5C,网络与新媒体,第1次填报,478,477,9733,2
628,5F,汉语言文学,第1次填报,483,469,10790,2
632,02,金融学,第1次填报,520,515,5446,2
632,25,劳动与社会保障,第1次填报,484,462,11760,3
632,40,应用心理学,第1次填报,501,488,8352,3
636,61,法学,第1次填报,507,501,6880,3
636,62,社会工作,第1次填报,495,468,10925,3
636,63,汉语言文学,第1次填报,515,505,6488,3
636,66,新闻传播学类,第1次填报,507,502,6783,3
639,0E,汉语言文学（师范类）,第1次填报,516,500,6984,3
639,0L,历史学（师范类）,第1次填报,513,483,8949,3
639,0T,心理学（师范类）,第1次填报,484,464,11481,4
644,03,政治学与行政学,第1次填报,460,459,12148,2
644,05,汉语国际教育（师范类）,第1次填报,467,464,11481,2
644,07,翻译,第1次填报,457,454,12811,2
644,09,广播电视学,第1次填报,465,464,11481,2
644,12,学前教育（师范类）,第1次填报,477,461,11892,2
645,03,金融学类,第1次填报,508,488,8352,2
645,05,国际经济与贸易,第1次填报,519,488,8352,2
645,07,法学,第1次填报,527,505,6488,2
645,09,英语,第1次填报,504,502,6783,2
645,0E,新闻传播学类,第1次填报,518,507,6271,2
645,0T,工商管理类,第1次填报,517,515,5446,2
645,0V,市场营销,第1次填报,508,488,8352,2
645,0Z,农村区域发展,第1次填报,467,464,11481,2
645,11,图书馆学,第1次填报,495,493,7746,2
645,14,旅游管理,第1次填报,500,495,7522,2
646,01,工商管理,第1次填报,436,424,16952,2
646,02,物流管理,第1次填报,429,410,18938,2
646,06,会计学,第1次填报,435,435,15417,1
646,13,城乡规划,第1次填报,410,410,18938,1
649,18,人力资源管理,第1次填报,494,489,8249,4
649,20,物流工程,第1次填报,484,478,9597,2
649,21,金融工程,第1次填报,493,488,8352,3
652,01,汉语言文学（师范类）,第1次填报,486,486,8600,1
652,02,思想政治教育（师范类）,第1次填报,481,468,10925,2
652,03,英语（师范类）,第1次填报,478,478,9597,1
652,06,小学教育（师范类）,第1次填报,476,476,9881,1
652,10,电子商务,第1次填报,463,463,11624,2
653,0Q,学前教育,第1次填报,406,406,19528,1
654,17,护理学,第1次填报,449,449,13471,1
654,19,健康服务与管理,第1次填报,452,452,13077,1
654,22,电子商务,第1次填报,443,443,14310,1
654,25,汉语言文学（师范类）,第1次填报,459,459,12148,1
658,5A,国际经济与贸易,第1次填报,470,470,10651,1
658,5E,金融学,第1次填报,500,500,6984,1
658,61,劳动与社会保障,第1次填报,494,494,7632,1
658,A0,法学,第1次填报,502,502,6783,1
658,A3,汉语言文学,第1次填报,507,507,6271,1
659,E1,英语（师范类）,第1次填报,483,455,12663,2
659,J1,学前教育（师范类）,第1次填报,456,450,13339,2
659,W1,汉语言文学（师范类）,第1次填报,490,480,9317,2
666,03,社会工作,第1次填报,463,444,14161,5
668,17,俄语,第1次填报,510,488,8352,3
668,1E,广播电视学,第1次填报,506,469,10790,6
668,28,会计学,第1次填报,515,509,6056,5
668,43,思想政治教育（师范类）,第1次填报,529,514,5558,10
668,47,文物保护技术,第1次填报,498,487,8480,5
668,EK,秘书学,第1次填报,500,498,7199,5
671,11,广播电视学,第1次填报,502,502,6783,1
671,89,护理学,第1次填报,492,492,7868,1
679,03,汉语言文学,第1次填报,474,466,11198,2
680,25,工商管理类,第1次填报,484,482,9064,2
680,26,农业经济管理类,第1次填报,486,479,9452,2
680,33,英语,第1次填报,481,481,9194,1
680,38,法学,第1次填报,497,497,7309,1
680,39,公共事业管理,第1次填报,477,449,13471,3
680,40,行政管理,第1次填报,468,468,10925,1
681,02,会计学,第1次填报,452,452,13077,1
681,03,财务管理,第1次填报,442,439,14865,2
683,19,市场营销,第1次填报,406,406,19528,1
683,20,财务管理,第1次填报,426,412,18637,3
683,26,商务英语,第1次填报,425,425,16813,1
684,04,旅游管理,第1次填报,409,409,19086,1
684,09,法学,第1次填报,445,430,16106,3
684,10,汉语言文学,第1次填报,438,425,16813,2
685,02,物流管理,第1次填报,420,420,17498,1
685,03,电子商务,第1次填报,437,437,15143,1
695,81,工商管理,第1次填报,469,464,11481,2
695,82,国际经济与贸易,第1次填报,489,483,8949,2
695,83,会计学,第1次填报,498,481,9194,2
695,85,物流管理,第1次填报,482,463,11624,2
695,86,金融工程,第1次填报,483,474,10153,2
695,95,英语,第1次填报,470,467,11059,2
696,01,金融工程,第1次填报,467,446,13891,3
696,08,汉语言文学（师范类）,第1次填报,478,469,10790,3
696,0G,历史学（师范类）,第1次填报,467,463,11624,2
696,1L,管理科学,第1次填报,465,463,11624,2
696,1M,会计学,第1次填报,469,464,11481,2
696,1P,旅游管理,第1次填报,449,446,13891,2
698,01,审计学,第1次填报,479,437,15143,3
698,02,会计学,第1次填报,475,473,10261,2
698,03,财务管理,第1次填报,471,471,10527,1
698,04,金融学,第1次填报,469,469,10790,1
699,01,国际经济与贸易,第1次填报,466,460,12010,5
699,27,英语,第1次填报,473,460,12010,4
699,63,会计学,第1次填报,477,460,12010,5
699,67,旅游管理,第1次填报,460,452,13077,5
701,0A,思想政治教育（师范类）,第1次填报,500,499,7092,2
701,0B,历史学（师范类）,第1次填报,498,498,7199,1
701,0C,公共事业管理,第1次填报,488,482,9064,2
701,0D,文化产业管理,第1次填报,489,489,8249,1
701,0P,汉语言文学,第1次填报,522,522,4749,1
701,0R,新闻学,第1次填报,505,502,6783,2
701,0T,网络与新媒体,第1次填报,504,501,6880,2
701,1L,工商管理,第1次填报,485,485,8715,1
701,2H,酒店管理,第1次填报,495,495,7522,1
701,2J,人力资源管理,第1次填报,496,487,8480,2
701,8V,会计学,第1次填报,505,505,6488,1
703,20,工商管理类,第1次填报,502,502,6783,1
703,41,行政管理,第1次填报,499,493,7746,2
704,01,英语,第1次填报,444,430,16106,5
704,02,日语,第1次填报,435,430,16106,2
704,03,金融学类,第1次填报,439,409,19086,12
704,04,工商管理类,第1次填报,435,423,17084,10
704,05,旅游管理类,第1次填报,430,419,17632,3
704,06,工商管理类,第1次填报,446,432,15810,5
705,03,汉语言文学,第1次填报,443,441,14598,2
705,05,英语,第1次填报,430,421,17344,2
707,02,针灸推拿学,第1次填报,511,511,5862,1
707,07,康复治疗学,第1次填报,495,495,7522,1
707,09,护理学,第1次填报,484,484,8828,1
707,12,健康服务与管理,第1次填报,448,448,13601,1
712,03,社会学,第1次填报,508,487,8480,2
712,08,学前教育（师范类）,第1次填报,503,498,7199,2
712,09,小学教育（师范类）,第1次填报,531,520,4941,2
712,0N,编辑出版学,第1次填报,511,488,8352,2
712,0Q,世界史（师范类）,第1次填报,520,500,6984,2
712,11,自然地理与资源环境,第1次填报,494,494,7632,1
713,17,护理学,第1次填报,507,501,6880,2
713,19,社会工作,第1次填报,472,464,11481,2
713,20,公共事业管理(卫生事业管理方向),第1次填报,482,468,10925,2
713,57,护理学,第1次填报,486,469,10790,5
716,A1,日语,第1次填报,423,402,20113,8
716,A2,文化产业管理,第1次填报,422,405,19649,8
716,A3,电子商务,第1次填报,425,403,19961,9
716,A4,旅游管理,第1次填报,413,400,20396,6
717,28,行政管理,第1次填报,434,431,15964,2
717,31,商务英语,第1次填报,440,419,17632,3
719,01,汉语言文学,第1次填报,492,481,9194,3
719,10,审计学,第1次填报,488,485,8715,3
728,02,应用心理学,第1次填报,469,469,10790,1
728,06,中医学,第1次填报,553,529,4092,3
728,07,针灸推拿学,第1次填报,519,515,5446,3
728,08,中医养生学,第1次填报,488,488,8352,1
728,09,中西医临床医学,第1次填报,527,522,4749,2
728,0E,康复治疗学,第1次填报,519,498,7199,3
728,0F,护理学,第1次填报,485,485,8715,1
728,0G,护理学(涉外护理方向),第1次填报,486,486,8600,1
728,0K,市场营销,第1次填报,520,520,4941,1
729,0Z,英语（师范类）,第1次填报,506,488,8352,2
729,10,翻译,第1次填报,499,469,10790,2
729,11,历史学（师范类）,第1次填报,503,488,8352,3
729,12,文物与博物馆学,第1次填报,476,469,10790,2
729,14,人文教育（师范类）,第1次填报,482,481,9194,2
729,17,学前教育（师范类）,第1次填报,492,491,8006,2
729,18,小学教育（师范类）,第1次填报,500,449,13471,2
729,1E,地理科学（师范类）,第1次填报,500,496,7412,2
729,1F,自然地理与资源环境,第1次填报,493,466,11198,2
729,1J,旅游管理,第1次填报,464,464,11481,1
729,1L,土地资源管理,第1次填报,483,479,9452,2
729,1M,城市管理,第1次填报,449,449,13471,2
729,1R,法学,第1次填报,500,492,7868,3
730,32,学前教育（师范类）,第1次填报,441,425,16813,2
730,33,英语,第1次填报,444,441,14598,2
733,28,会计学,第1次填报,427,417,17897,3
739,07,国际经济与贸易,第1次填报,439,411,18766,5
739,08,广告学,第1次填报,426,413,18490,5
739,11,信息管理与信息系统,第1次填报,429,418,17774,5
739,12,经济学,第1次填报,438,417,17897,5
739,15,护理学,第1次填报,437,429,16229,5
739,17,电子商务,第1次填报,427,418,17774,5
741,47,法学,第1次填报,513,507,6271,2
741,48,行政管理,第1次填报,510,507,6271,3
744,04,财务管理,第1次填报,449,449,13471,1
744,08,酒店管理,第1次填报,460,458,12258,2
744,0B,英语,第1次填报,475,460,12010,2
744,0H,汉语国际教育,第1次填报,477,455,12663,2
746,12,社会工作,第1次填报,474,473,10261,2
746,B2,工商管理,第1次填报,481,481,9194,2
746,B7,人力资源管理,第1次填报,472,470,10651,2
748,6C,法学,第1次填报,469,469,10790,1
750,04,学前教育,第1次填报,433,427,16504,2
750,09,工程管理,第1次填报,418,406,19528,2
750,12,财务管理,第1次填报,435,409,19086,2
752,P4,英语,第1次填报,514,499,7092,30
752,P5,小学教育（师范类）,第1次填报,523,504,6599,30
752,P6,社会工作,第1次填报,499,479,9452,30
752,P7,审计学,第1次填报,509,493,7746,30
752,T4,学前教育（师范类）,第1次填报,499,476,9881,30
752,T6,俄语,第1次填报,483,462,11760,19
752,TE,旅游管理,第1次填报,469,455,12663,8
755,91,经济学,第1次填报,508,493,7746,31
755,92,工商管理,第1次填报,500,488,8352,31
755,98,物流管理,第1次填报,505,468,10925,30
755,D1,行政管理,第1次填报,504,483,8949,60
755,D4,社会工作,第1次填报,492,458,12258,30
755,D5,法学,第1次填报,510,488,8352,89
755,E0,英语,第1次填报,523,490,8125,45
757,00,法学,第1次填报,506,480,9317,45
757,01,政治学与行政学,第1次填报,482,465,11349,42
757,03,思想政治教育（师范类）,第1次填报,512,482,9064,33
757,04,学前教育（师范类）,第1次填报,490,474,10153,99
757,05,小学教育（师范类）,第1次填报,517,489,8249,53
757,06,汉语言文学（师范类）,第1次填报,551,496,7412,107
757,07,汉语国际教育（师范类）,第1次填报,492,471,10527,60
757,08,新闻学,第1次填报,481,468,10925,46
757,09,历史学（师范类）,第1次填报,492,477,9733,43
757,10,应用心理学（师范类）,第1次填报,481,471,10527,19
757,12,人力资源管理,第1次填报,487,470,10651,20
757,13,公共事业管理,第1次填报,482,448,13601,22
757,14,图书馆学,第1次填报,496,447,13734,52
757,20,英语（师范类）,第1次填报,522,482,9064,72
757,21,翻译（师范类）,第1次填报,494,477,9733,18
757,94,会计学,第1次填报,503,483,8949,21
758,C1,护理学,第1次填报,527,488,8352,40
758,CA,英语,第1次填报,500,472,10391,30
758,CE,市场营销,第1次填报,486,466,11198,30
758,CG,社会工作,第1次填报,482,465,11349,35
759,01,法学,第1次填报,481,466,11198,40
759,03,英语,第1次填报,484,461,11892,70
759,04,应用心理学,第1次填报,488,462,11760,20
759,0H,护理学,第1次填报,486,469,10790,80
759,0K,市场营销,第1次填报,464,458,12258,11
759,0L,公共事业管理,第1次填报,465,459,12148,20
760,01,金融学类,第1次填报,428,428,16374,1
760,0E,管理科学与工程类,
760,0F,工商管理类,第1次填报,428,403,19961,5
761,02,法学,第1次填报,513,473,10261,5
761,05,小学教育（师范类）,第1次填报,503,488,8352,17
761,10,汉语国际教育,第1次填报,490,476,9881,11
761,13,日语,第1次填报,494,457,12378,19
761,14,新闻学,第1次填报,497,475,10019,13
761,49,护理学,第1次填报,487,475,10019,11
761,51,市场营销,第1次填报,489,469,10790,6
761,76,经济与金融,第1次填报,492,476,9881,25
764,02,国际经济与贸易,第1次填报,494,479,9452,23
764,03,法学,第1次填报,512,487,8480,17
764,04,社会工作,第1次填报,486,467,11059,25
764,05,思想政治教育,第1次填报,501,476,9881,24
764,06,汉语言文学,第1次填报,509,490,8125,51
764,07,秘书学,第1次填报,486,472,10391,22
764,08,英语,第1次填报,499,478,9597,19
764,09,商务英语,第1次填报,486,479,9452,19
764,10,广告学,第1次填报,500,473,10261,25
764,11,工商管理,第1次填报,496,479,9452,10
764,12,市场营销,第1次填报,494,470,10651,20
764,14,人力资源管理,第1次填报,495,480,9317,15
764,15,公共事业管理,第1次填报,483,467,11059,44
765,01,汉语言文学（师范类）,第1次填报,494,473,10261,55
765,02,新闻学,第1次填报,472,456,12520,40
765,03,思想政治教育（师范类）,第1次填报,474,463,11624,40
765,04,历史学（师范类）,第1次填报,477,462,11760,40
765,09,英语（师范类）,第1次填报,493,468,10925,42
765,26,财务管理,第1次填报,477,461,11892,20
765,27,旅游管理,第1次填报,464,442,14463,25
765,28,保险学,第1次填报,457,440,14730,25
766,00,英语（师范类）,第1次填报,475,457,12378,27
766,01,英语,第1次填报,473,446,13891,25
766,03,俄语,第1次填报,456,444,14161,45
766,04,思想政治教育（师范类）,第1次填报,465,452,13077,36
766,05,历史学（师范类）,第1次填报,462,450,13339,35
766,07,法学,第1次填报,485,447,13734,69
766,08,汉语言文学,第1次填报,480,458,12258,98
766,09,秘书学,第1次填报,455,444,14161,30
766,13,会计学,第1次填报,482,449,13471,50
766,15,工商管理,第1次填报,467,447,13734,10
766,16,国际经济与贸易,第1次填报,452,445,14025,15
766,17,经济与金融,第1次填报,470,448,13601,10
766,19,心理学（师范类）,第1次填报,458,449,13471,10
766,20,新闻学,第1次填报,460,446,13891,33
766,21,小学教育（师范类）,第1次填报,463,453,12946,38
766,49,地理科学（师范类）,第1次填报,460,450,13339,15
766,51,旅游管理,第1次填报,458,444,14161,15
766,53,人文地理与城乡规划,第1次填报,448,444,14161,15
767,09,物流管理,第1次填报,475,449,13471,15
767,20,法学,第1次填报,498,461,11892,35
767,22,汉语言文学（师范类）,第1次填报,488,474,10153,49
767,24,历史学（师范类）,第1次填报,474,458,12258,26
767,25,考古学,第1次填报,472,457,12378,4
767,32,地理科学（师范类）,第1次填报,483,458,12258,35
767,49,英语（师范类）,第1次填报,483,472,10391,20
767,50,日语,第1次填报,472,456,12520,5
767,52,学前教育（师范类）,第1次填报,479,464,11481,18
767,53,小学教育(中文与社会方向)（师范类）,第1次填报,489,466,11198,22
767,54,特殊教育（师范类）,第1次填报,483,449,13471,15
767,79,思想政治教育（师范类）,第1次填报,474,463,11624,26
768,0A,学前教育（师范类）,第1次填报,471,451,13209,69
768,0B,英语,第1次填报,473,455,12663,40
768,0D,小学教育（师范类）,第1次填报,490,453,12946,74
768,0E,小学教育（师范类）,第1次填报,476,455,12663,68
768,0F,法学,第1次填报,482,451,13209,70
772,01,金融工程,第1次填报,460,443,14310,20
772,02,学前教育（师范类）,第1次填报,471,450,13339,33
772,04,汉语言文学,第1次填报,467,454,12811,35
772,07,新闻学,第1次填报,454,444,14161,40
772,08,网络与新媒体,第1次填报,464,443,14310,35
772,0P,康复治疗学,第1次填报,476,447,13734,25
772,0S,财务管理,第1次填报,471,455,12663,5
772,0T,国际商务,第1次填报,446,439,14865,35
772,0U,审计学,第1次填报,462,451,13209,15
772,0Z,英语(跨境电商方向),第1次填报,456,442,14463,30
787,01,会计学(注册会计师),第1次填报,463,446,13891,5
787,02,会计学(国际会计),第1次填报,455,447,13734,2
787,04,会计学(管理会计),第1次填报,455,445,14025,5
787,05,财务管理,第1次填报,443,442,14463,2
787,06,审计学,第1次填报,447,447,13734,3
787,09,人力资源管理,第1次填报,454,454,12811,1
787,13,税收学(税务管理与代理),第1次填报,440,440,14730,2
787,14,国际经济与贸易,第1次填报,465,416,18033,2
787,19,金融学(金融),第1次填报,452,444,14161,4
787,30,日语(商务),第1次填报,405,399,20523,2
787,33,学前教育,第1次填报,441,435,15417,3
791,09,电子商务,第1次填报,483,473,10261,2
791,13,民族学,第1次填报,475,440,14730,3
791,14,历史学（师范类）,第1次填报,492,492,7868,1
791,18,汉语言文学（师范类）,第1次填报,509,497,7309,2
798,02,汉语言文学（师范类）,第1次填报,535,535,3582,2
798,08,文化产业管理,第1次填报,488,472,10391,2
798,09,思想政治教育（师范类）,第1次填报,510,506,6389,2
798,0A,法学,第1次填报,517,512,5767,2
798,2J,外国语言文学类（师范类）,第1次填报,521,521,4855,1
798,2K,小学教育（师范类）,第1次填报,516,509,6056,2
808,01,国际经济与贸易,第1次填报,416,401,20272,13
808,02,金融学,第1次填报,415,413,18490,6
808,03,英语,第1次填报,436,404,19805,21
808,04,商务英语,第1次填报,429,423,17084,2
808,05,日语,第1次填报,417,400,20396,13
808,06,俄语,第1次填报,431,400,20396,14
808,07,会计学,第1次填报,424,401,20272,3
808,08,财务管理,第1次填报,430,401,20272,7
808,0A,市场营销,第1次填报,423,400,20396,4
808,0B,人力资源管理,第1次填报,434,408,19224,4
808,0C,旅游管理,第1次填报,409,400,20396,14
808,0D,会展经济与管理,第1次填报,407,400,20396,12
808,0F,物流管理,第1次填报,417,401,20272,7
808,0G,电子商务,第1次填报,409,406,19528,3
808,0H,信息管理与信息系统,第1次填报,410,402,20113,19
810,35,经济与贸易类(中外合作办学),第1次填报,484,475,10019,5
810,36,金融学类(中外合作办学),第1次填报,492,477,9733,5
810,37,市场营销,第1次填报,482,475,10019,5
810,38,物流管理,第1次填报,483,472,10391,5
820,39,历史学（师范类）,第1次填报,505,489,8249,2
820,40,思想政治教育（师范类）,第1次填报,508,507,6271,2
823,01,金融学,第1次填报,535,523,4648,2
823,04,法学,第1次填报,529,517,5246,5
823,13,翻译,第1次填报,531,518,5160,7
823,50,旅游管理,第1次填报,515,506,6389,4
823,51,酒店管理,第1次填报,518,489,8249,3
832,29,特殊教育（师范类）,第1次填报,484,471,10527,3
832,2F,国际经济与贸易,第1次填报,469,469,10790,1
835,01,社会工作,第1次填报,454,443,14310,10
835,0D,公共事业管理,第1次填报,454,443,14310,10
836,01,建筑学,第1次填报,413,411,18766,2
836,23,工程造价,第1次填报,432,408,19224,3
836,24,财务管理,第1次填报,436,410,18938,2
836,25,资产评估,第1次填报,411,406,19528,2
836,26,房地产开发与管理,第1次填报,399,399,20523,1
836,27,英语,第1次填报,419,416,18033,2
837,0F,经济学类(中外合作办学),第1次填报,518,501,6880,2
838,01,机械工程,第1次填报,408,401,20272,2
838,05,汽车服务工程,第1次填报,429,401,20272,3
838,07,车辆工程,第1次填报,417,405,19649,2
838,11,电气工程及其自动化,第1次填报,430,427,16504,2
838,13,轨道交通信号与控制,第1次填报,456,423,17084,3
838,17,电子信息工程,第1次填报,413,413,18490,2
838,19,通信工程,第1次填报,425,413,18490,3
838,21,计算机科学与技术,第1次填报,418,406,19528,2
838,23,软件工程,第1次填报,416,405,19649,3
838,25,数据科学与大数据技术,第1次填报,428,418,17774,2
838,27,制药工程,第1次填报,414,403,19961,3
838,29,商务英语,第1次填报,426,409,19086,2
838,31,英语,第1次填报,416,406,19528,3
838,33,日语,第1次填报,412,412,18637,1
838,35,电子商务,第1次填报,409,403,19961,2
838,37,市场营销,第1次填报,408,405,19649,4
838,39,国际经济与贸易,第1次填报,407,407,19381,2
838,41,工商管理,第1次填报,413,404,19805,4
838,43,物流管理,第1次填报,414,402,20113,5
838,45,人力资源管理,第1次填报,421,409,19086,3
838,47,工程造价,第1次填报,413,399,20523,5
838,49,工程管理,第1次填报,405,404,19805,2
838,51,土木工程,第1次填报,406,406,19528,1
838,53,会计学,第1次填报,433,415,18200,5
838,55,财务管理,第1次填报,426,410,18938,2
838,57,金融学,第1次填报,418,411,18766,3
838,59,法学,第1次填报,437,426,16652,2
840,04,工商管理类,第1次填报,502,491,8006,9
840,05,金融学类,第1次填报,507,500,6984,4
840,07,社会学类,第1次填报,495,467,11059,8
840,08,新闻传播学类,第1次填报,494,488,8352,6
840,15,英语,第1次填报,503,499,7092,3
842,3G,汉语言文学（师范类）,第1次填报,489,482,9064,5
842,55,行政管理,第1次填报,475,463,11624,5
842,59,投资学,第1次填报,461,451,13209,5
846,A1,法学,第1次填报,510,499,7092,3
846,B1,思想政治教育（师范类）,第1次填报,507,500,6984,3
846,F1,汉语言文学（师范类）,第1次填报,521,515,5446,4
846,H1,俄语（师范类）,第1次填报,498,495,7522,2
846,H2,俄语,第1次填报,486,481,9194,2
846,Z7,物流管理,第1次填报,495,468,10925,3
851,21,思想政治教育（师范类）,第1次填报,515,485,8715,4
851,31,历史学（师范类）,第1次填报,516,508,6163,3
851,32,民族学,第1次填报,480,449,13471,2
851,45,商务英语,第1次填报,507,505,6488,3
851,51,教育学（师范类）,第1次填报,537,513,5648,2
851,53,小学教育（师范类）,第1次填报,520,513,5648,2
851,5Z,教育学类(中外合作办学)（师范类）,第1次填报,496,479,9452,2
851,BZ,旅游管理,第1次填报,469,469,10790,1
851,E1,新闻学,第1次填报,512,502,6783,3
851,E2,编辑出版学,第1次填报,497,489,8249,2
851,HY,人力资源管理,第1次填报,485,480,9317,2
851,K1,国际经济与贸易,第1次填报,486,481,9194,3
851,K3,法学,第1次填报,515,506,6389,3
851,K4,社会工作,第1次填报,472,467,11059,3
851,KZ,金融学,第1次填报,492,492,7868,1
852,01,思想政治教育（师范类）,第1次填报,480,477,9733,2
852,07,历史学（师范类）,第1次填报,496,464,11481,2
852,26,教育学类(中外合作办学)（师范类）,第1次填报,456,441,14598,3
852,A1,法学,第1次填报,478,477,9733,2
852,B4,统计学,第1次填报,462,457,12378,3
852,C5,汽车服务工程,第1次填报,465,445,14025,2
852,D1,工程管理,第1次填报,462,453,12946,2
853,0C,汉语言文学（师范）,第1次填报,484,473,10261,5
854,01,国际经济与贸易,第1次填报,468,457,12378,5
854,02,英语,第1次填报,474,454,12811,2
854,03,朝鲜语,第1次填报,464,464,11481,1
854,23,烹饪与营养教育,第1次填报,460,460,12010,1
854,27,电子商务,第1次填报,464,459,12148,2
854,35,园林,第1次填报,472,452,13077,5
854,37,中药学,第1次填报,499,499,7092,1
854,38,中药资源与开发,第1次填报,481,481,9194,1
854,39,中草药栽培与鉴定,第1次填报,470,470,10651,1
854,41,工商管理,第1次填报,469,451,13209,5
854,42,市场营销,第1次填报,466,460,12010,2
854,44,财务管理,第1次填报,479,465,11349,2
854,46,粮食工程,第1次填报,453,453,12946,1
857,1C,小学教育（师范类）,第1次填报,446,446,13891,1
857,2R,俄语,第1次填报,453,453,12946,1
857,2V,广播电视学,第1次填报,446,446,13891,1
857,7K,社会工作,第1次填报,454,454,12811,1
858,03,国际经济与贸易,第1次填报,439,435,15417,2
858,06,学前教育,第1次填报,440,432,15810,2
858,08,汉语言文学,第1次填报,457,441,14598,4
858,09,汉语国际教育,第1次填报,437,437,15143,2
858,10,英语,第1次填报,459,447,13734,3
858,11,英语(英德双语),第1次填报,466,462,11760,2
858,16,俄语,第1次填报,439,436,15283,2
858,19,西班牙语,第1次填报,448,444,14161,2
858,21,日语,第1次填报,451,434,15536,3
858,23,朝鲜语,第1次填报,433,425,16813,2
858,25,蒙古语,第1次填报,442,423,17084,3
858,29,商务英语,第1次填报,453,444,14161,3
858,32,工商管理类,第1次填报,452,430,16106,6
858,34,电子商务,第1次填报,432,425,16813,2
858,38,金融学类(中外合作办学),
858,39,外国语言文学类(中外合作办学),第1次填报,435,431,15964,2
861,02,互联网金融,第1次填报,436,436,15283,1
861,06,学前教育（师范类）,第1次填报,433,428,16374,2
861,23,财务管理,第1次填报,442,422,17223,2
861,27,电子商务,
867,36,汉语言文学,第1次填报,427,424,16952,2
868,01,汉语言文学（师范类）,第1次填报,482,477,9733,2
873,01,财务管理,第1次填报,472,450,13339,6
873,02,秘书学,第1次填报,462,446,13891,8
873,03,市场营销,第1次填报,462,446,13891,5
873,04,俄语,第1次填报,468,453,12946,6
874,02,政治学与行政学,第1次填报,478,449,13471,2
874,04,英语,第1次填报,484,468,10925,2
874,BB,工商管理类,第1次填报,475,466,11198,2
874,BC,工商管理类,第1次填报,484,480,9317,4
876,01,俄语,第1次填报,445,445,14025,1
876,08,翻译(英语方向),第1次填报,442,442,14463,1
876,09,翻译(俄语方向),第1次填报,463,463,11624,1
876,21,旅游管理,第1次填报,434,434,15536,1
876,25,法学,第1次填报,471,471,10527,1
876,39,汉语言文学,第1次填报,448,448,13601,1
876,61,俄语（师范类）,第1次填报,458,458,12258,1
876,62,汉语言文学（师范类）,第1次填报,468,468,10925,1
876,69,英语（师范类）,第1次填报,429,429,16229,1
876,70,学前教育（师范类）,第1次填报,429,429,16229,1
876,71,小学教育（师范类）,第1次填报,456,456,12520,1
884,0J,俄语,第1次填报,460,448,13601,4
887,12,国际政治,第1次填报,530,530,4019,1
887,15,英语,第1次填报,539,539,3268,2
887,16,商务英语,第1次填报,535,534,3674,2
887,17,审计学,第1次填报,523,523,4648,1
887,19,国际经济与贸易,第1次填报,509,509,6056,1
887,26,广告学,第1次填报,507,507,6271,1
887,33,汉语国际教育,第1次填报,534,534,3674,1
887,35,社会工作,第1次填报,523,523,4648,1
891,05,财务管理,第1次填报,415,405,19649,4
891,09,电子商务,第1次填报,405,399,20523,3
891,13,汉语言文学（师范类）,第1次填报,437,430,16106,2
891,14,汉语国际教育（师范类）,第1次填报,429,417,17897,3
891,15,俄语,第1次填报,432,407,19381,2
891,16,西班牙语,第1次填报,428,416,18033,2
891,18,法语,第1次填报,426,422,17223,2
891,19,德语,第1次填报,417,414,18337,2
892,02,学前教育（师范类）,第1次填报,455,449,13471,2
892,03,特殊教育（师范类）,第1次填报,460,456,12520,2
892,05,汉语言文学（师范类）,第1次填报,474,465,11349,3
892,06,外国语言文学类,第1次填报,458,454,12811,2
892,07,英语（师范类）,第1次填报,463,462,11760,2
892,08,新闻传播学类,第1次填报,463,462,11760,2
892,11,人文地理与城乡规划,第1次填报,455,454,12811,2
892,21,工程造价,第1次填报,455,455,12663,2
892,22,市场营销,第1次填报,454,450,13339,2
892,26,旅游管理,第1次填报,458,448,13601,3
899,02,会计学,第1次填报,443,438,15011,2
899,06,经济统计学,第1次填报,421,421,17344,2
899,07,经济与贸易类,第1次填报,426,402,20113,2
899,11,工商管理类,第1次填报,432,419,17632,2
903,32,公共关系学,第1次填报,509,506,6389,2
903,35,财务管理,第1次填报,524,513,5648,2
903,38,国际商务,第1次填报,520,510,5960,2
903,40,电子商务,第1次填报,508,502,6783,2
910,05,美术学,第1次填报,521,511,5862,2
910,52,文化产业管理,第1次填报,533,516,5331,3
917,01,特殊教育（师范类）,第1次填报,507,506,6389,2
917,04,学前教育（师范类）,第1次填报,505,436,15283,5
917,07,英语（师范类）,第1次填报,498,436,15283,3
924,02,金融学,
924,06,汉语言文学,第1次填报,432,432,15810,1
924,1H,工商管理,第1次填报,406,406,19528,1
924,3B,会计学,第1次填报,432,427,16504,2
924,3C,财务管理,第1次填报,400,400,20396,1
926,01,经济学,第1次填报,408,408,19224,1
926,02,金融工程,第1次填报,401,401,20272,1
926,03,国际经济与贸易,第1次填报,399,399,20523,1
926,06,英语,第1次填报,417,409,19086,2
926,07,日语,第1次填报,405,405,19649,1
926,0J,交通运输(民航运输管理),第1次填报,401,401,20272,1
926,0N,市场营销,
926,0Q,财务管理,第1次填报,431,411,18766,2
926,0R,人力资源管理,第1次填报,407,404,19805,2
926,0T,物流管理,第1次填报,413,413,18490,1
926,0U,质量管理工程,
926,0V,电子商务,第1次填报,445,431,15964,2
926,27,新闻学(网络新媒体),
926,2F,旅游管理类,第1次填报,411,411,18766,1
927,53,法学,第1次填报,514,501,6880,3
927,55,教育学类（师范类）,第1次填报,517,489,8249,5
927,57,经济学类,第1次填报,513,484,8828,3
927,60,翻译,第1次填报,509,506,6389,3
927,62,英语（师范类）,第1次填报,526,512,5767,7
927,63,汉语言文学（师范类）,第1次填报,529,514,5558,8
927,64,历史学（师范类）,第1次填报,511,508,6163,2
936,11,工程管理,第1次填报,412,406,19528,2
936,17,会计学,第1次填报,425,412,18637,7
936,19,财务管理,第1次填报,422,411,18766,4
936,34,护理学,第1次填报,424,414,18337,6
936,36,学前教育,第1次填报,437,408,19224,5
938,35,地理科学（师范类）,第1次填报,507,503,6699,2
938,65,人力资源管理,第1次填报,487,487,8480,1
940,14,旅游管理,第1次填报,459,447,13734,2
945,06,新闻学,第1次填报,444,423,17084,3
945,10,网络与新媒体,第1次填报,455,437,15143,2
945,14,文化产业管理,第1次填报,453,412,18637,6
945,15,翻译,第1次填报,441,421,17344,5
945,17,市场营销,第1次填报,420,409,19086,2
945,19,工商管理,第1次填报,441,420,17498,2
945,25,电子商务,第1次填报,443,443,14310,1
945,26,经济与金融,第1次填报,437,427,16504,3
945,27,会展经济与管理,第1次填报,442,407,19381,4
945,38,日语,第1次填报,454,427,16504,3
945,39,法语,第1次填报,434,430,16106,2
945,40,俄语,第1次填报,429,411,18766,5
945,41,朝鲜语,第1次填报,407,407,19381,1
945,42,汉语国际教育,第1次填报,452,443,14310,2
947,1Y,历史学（师范类）,第1次填报,512,507,6271,2
947,3M,思想政治教育（师范类）,第1次填报,501,497,7309,3
947,4D,新闻学,第1次填报,510,494,7632,2
948,04,教育学,第1次填报,421,421,17344,1
948,05,学前教育,第1次填报,449,431,15964,3
948,18,工程管理,第1次填报,431,426,16652,2
948,23,会计学,第1次填报,434,429,16229,3
948,24,财务管理,第1次填报,435,432,15810,3
948,29,电子商务,第1次填报,454,409,19086,4
949,02,汉语国际教育,第1次填报,433,427,16504,2
949,0N,工程造价,第1次填报,425,420,17498,2
949,0Q,会计学,第1次填报,451,430,16106,2
949,0R,财务管理,第1次填报,438,437,15143,2
949,0S,审计学,第1次填报,444,423,17084,2
950,08,金融工程,第1次填报,408,408,19224,1
950,09,国际经济与贸易,第1次填报,451,451,13209,1
950,10,法学,第1次填报,461,440,14730,3
950,11,汉语言文学,第1次填报,468,442,14463,3
950,12,英语,第1次填报,446,443,14310,2
950,14,新闻学,第1次填报,429,429,16229,1
950,15,网络与新媒体,第1次填报,426,426,16652,1
950,25,护理学,第1次填报,456,438,15011,2
950,26,工程造价,第1次填报,434,434,15536,1
950,27,市场营销,第1次填报,450,450,13339,1
950,28,会计学,第1次填报,438,438,15011,1
950,29,财务管理,第1次填报,455,455,12663,1
950,30,人力资源管理,第1次填报,444,435,15417,2
950,32,电子商务,第1次填报,439,432,15810,2
951,02,社会工作,第1次填报,421,421,17344,1
951,03,学前教育,第1次填报,437,426,16652,3
951,04,汉语言文学,第1次填报,442,430,16106,3
951,06,英语,第1次填报,438,425,16813,2
951,08,德语,第1次填报,437,432,15810,2
951,09,法语,第1次填报,444,437,15143,2
951,11,日语,第1次填报,431,431,15964,2
951,13,翻译,第1次填报,435,430,16106,2
951,14,商务英语,第1次填报,435,435,15417,1
951,19,护理学,第1次填报,427,422,17223,2
952,02,法学,第1次填报,487,470,10651,2
952,10,文化产业管理,第1次填报,469,466,11198,2
952,13,旅游管理,第1次填报,487,443,14310,3
953,02,社会工作,第1次填报,446,446,13891,1
953,16,地理科学（师范类）,第1次填报,485,485,8715,1
957,01,法学(刑事法方向),第1次填报,529,529,4092,1
957,05,法学(民商法方向),第1次填报,534,516,5331,2
957,06,法学(经济法方向),第1次填报,520,520,4941,1
957,09,侦查学,第1次填报,500,500,6984,1
957,30,政治学与行政学,第1次填报,485,469,10790,2
958,03,中国语言文学类,第1次填报,536,529,4092,2
958,06,教育学类（师范类）,第1次填报,533,525,4464,2
958,13,社会工作,第1次填报,512,506,6389,3
958,82,地理科学（师范类）,第1次填报,525,521,4855,2
958,93,新闻学,第1次填报,523,518,5160,3
966,31,汉语言文学（师范类）,第1次填报,494,493,7746,2
966,32,汉语国际教育,第1次填报,472,464,11481,2
966,33,广播电视学,第1次填报,475,469,10790,2
966,34,英语（师范类）,第1次填报,492,489,8249,2
966,41,市场营销,第1次填报,494,452,13077,2
966,46,法学,第1次填报,496,496,7412,2
966,49,公共事业管理,第1次填报,471,450,13339,2
966,50,旅游管理,第1次填报,471,461,11892,2
968,18,汉语言文学,第1次填报,507,502,6783,2
968,1M,管理科学与工程类,第1次填报,503,487,8480,4
968,1P,经济与贸易类,第1次填报,505,504,6599,2
973,01,工商管理类,第1次填报,422,412,18637,2
973,05,金融学,第1次填报,413,401,20272,3
973,06,电子商务,第1次填报,409,399,20523,4
973,09,社会工作,
973,18,电气工程及其自动化,第1次填报,414,414,18337,1
976,01,国际事务与国际关系,第1次填报,467,457,12378,2
976,02,社会工作,第1次填报,459,458,12258,2
976,04,学前教育（师范类）,第1次填报,465,463,11624,2
976,05,小学教育（师范类）,第1次填报,466,466,11198,2
976,06,汉语言文学,第1次填报,482,481,9194,2
976,07,汉语国际教育,第1次填报,486,481,9194,2
976,10,英语,第1次填报,479,473,10261,3
976,11,俄语,第1次填报,459,457,12378,2
976,12,泰语,第1次填报,460,458,12258,2
976,15,文物与博物馆学,第1次填报,474,470,10651,2
976,16,应用心理学,第1次填报,473,463,11624,2
976,17,市场营销,第1次填报,475,458,12258,2
976,20,物流管理,第1次填报,474,465,11349,2
976,21,旅游管理,第1次填报,465,463,11624,2
976,23,会展经济与管理,第1次填报,467,457,12378,2
976,24,旅游管理类(中外合作办学)(中奥合作),第1次填报,457,457,12378,2
992,02,工商管理,第1次填报,476,458,12258,2
992,05,思想政治教育（师范类）,第1次填报,475,472,10391,3
992,0D,广播电视学,第1次填报,472,472,10391,1
992,0E,历史学（师范类）,第1次填报,480,466,11198,2
999,59,金融学类,第1次填报,526,522,4749,2
999,5D,工商管理类,第1次填报,524,510,5960,2
A01,01,国际经济与贸易,第1次填报,408,399,20523,2
A01,02,物流管理,第1次填报,404,399,20523,2
A01,03,国际商务,第1次填报,399,399,20523,1
A01,04,金融学,第1次填报,456,402,20113,4
A01,05,保险学,
A01,06,经济学,第1次填报,405,401,20272,2
A01,07,法学,第1次填报,437,419,17632,3
A01,08,汉语言文学,第1次填报,427,416,18033,3
A01,09,广告学,第1次填报,410,410,18938,1
A01,10,英语,第1次填报,417,403,19961,4
A01,13,信息管理与信息系统,第1次填报,412,412,18637,1
A01,14,电子商务,第1次填报,405,399,20523,2
A01,15,工商管理,第1次填报,421,399,20523,2
A01,16,市场营销,第1次填报,406,401,20272,2
A01,17,人力资源管理,第1次填报,408,407,19381,2
A01,18,旅游管理,
A01,19,会展经济与管理,
A01,20,酒店管理,
A01,21,会计学,第1次填报,437,408,19224,5
A01,22,财务管理,第1次填报,421,409,19086,3
A01,23,审计学,第1次填报,430,416,18033,3
A02,01,英语,第1次填报,454,454,12811,1
A02,08,国际经济与贸易,第1次填报,445,429,16229,2
A02,0A,市场营销,第1次填报,422,419,17632,3
A02,0E,金融学,第1次填报,433,433,15671,2
A02,0F,金融学(CFA方向),第1次填报,452,452,13077,1
A02,0G,法学,第1次填报,442,442,14463,1
A02,0K,劳动与社会保障,第1次填报,455,418,17774,2
A02,0M,行政管理(人力资源方向),第1次填报,435,424,16952,2
A02,1A,汉语国际教育,第1次填报,408,408,19224,1
A02,1D,酒店管理,第1次填报,407,407,19381,1
A05,01,翻译,第1次填报,463,433,15671,2
A05,02,商务英语,第1次填报,453,442,14463,2
A05,03,英语,第1次填报,451,451,13209,1
A05,04,日语,第1次填报,448,447,13734,2
A05,06,法语,第1次填报,455,455,12663,1
A05,08,西班牙语,第1次填报,450,450,13339,1
A05,09,俄语,第1次填报,451,451,13209,1
A05,10,国际经济与贸易,第1次填报,445,445,14025,2
A05,11,金融学,第1次填报,445,445,14025,2
A05,12,法学,第1次填报,472,472,10391,1
A05,16,新闻学,第1次填报,454,445,14025,3
A05,17,汉语国际教育,第1次填报,466,457,12378,2
A05,18,学前教育,第1次填报,443,443,14310,1
A06,01,法学,第1次填报,497,495,7522,2
A06,02,思想政治教育（师范类）,第1次填报,505,498,7199,2
A06,04,汉语言文学（师范类）,第1次填报,528,519,5044,3
A06,06,秘书学,第1次填报,491,491,8006,1
A06,07,新闻学,第1次填报,490,490,8125,1
A06,08,社会工作,第1次填报,473,473,10261,2
A06,10,社会学,第1次填报,484,484,8828,1
A06,12,旅游管理,第1次填报,493,481,9194,2
A06,16,英语,第1次填报,501,501,6880,1
A06,26,市场营销,第1次填报,495,483,8949,2
A06,28,会计学,第1次填报,497,496,7412,2
A06,32,人力资源管理,第1次填报,473,473,10261,1
A06,34,物流管理,第1次填报,512,478,9597,2
A06,40,小学教育（师范类）,第1次填报,486,486,8600,1
A06,42,应用心理学（师范类）,第1次填报,504,497,7309,2
A06,44,地理科学（师范类）,第1次填报,504,483,8949,2
A09,09,财务管理,第1次填报,406,406,19528,1
A09,0J,管理科学(质量管理方向),
A11,0P,市场营销,第1次填报,422,407,19381,4
A11,0R,物流管理,第1次填报,407,405,19649,5
A11,0S,广告学,第1次填报,407,402,20113,8
A11,0X,英语,第1次填报,421,410,18938,5
A11,0Y,汉语言文学,第1次填报,437,410,18938,4
A11,10,国际经济与贸易,第1次填报,407,407,19381,2
A11,12,会计学,第1次填报,432,412,18637,6
A11,14,服装设计与工程,第1次填报,404,402,20113,2
A12,09,地理信息科学,第1次填报,475,475,10019,1
A12,12,英语,第1次填报,479,479,9452,1
A14,09,国际经济与贸易,第1次填报,464,463,11624,2
A14,11,社会工作,第1次填报,447,447,13734,1
A14,17,汉语言文学（师范类）,第1次填报,490,467,11059,2
A17,09,秘书学,第1次填报,472,463,11624,5
A17,17,旅游管理,第1次填报,459,456,12520,5
A18,01,法学,第1次填报,497,491,8006,3
A18,14,汉语言文学（师范类）,第1次填报,509,504,6599,2
A22,01,金融工程,第1次填报,407,407,19381,1
A22,07,汽车服务工程,
A23,0A,护理学,第1次填报,423,417,17897,2
A23,0B,运动康复,第1次填报,419,419,17632,1
A23,0C,应用心理学,第1次填报,424,415,18200,2
A30,28,会计学,第1次填报,433,409,19086,3
A30,33,国际经济与贸易,第1次填报,428,408,19224,3
A32,0E,护理学,第1次填报,507,485,8715,5
A32,0F,市场营销,第1次填报,467,447,13734,2
A33,01,经济学,第1次填报,406,400,20396,3
A33,02,金融学,第1次填报,407,401,20272,3
A33,03,国际经济与贸易,第1次填报,402,401,20272,3
A33,04,工商管理,第1次填报,415,400,20396,3
A33,05,市场营销,第1次填报,403,400,20396,3
A33,06,汉语言文学,第1次填报,416,412,18637,3
A33,07,汉语国际教育,第1次填报,411,404,19805,3
A33,08,秘书学,第1次填报,405,402,20113,2
A33,09,新闻学,第1次填报,408,406,19528,3
A33,0A,英语,第1次填报,410,405,19649,3
A33,0C,旅游管理,第1次填报,403,400,20396,5
A33,0D,酒店管理,第1次填报,402,401,20272,2
A33,0F,电子商务,第1次填报,401,400,20396,2
A33,0G,会计学,第1次填报,405,404,19805,6
A33,0H,财务管理,第1次填报,405,402,20113,4
A33,0J,审计学,第1次填报,402,401,20272,2
A33,0P,信息管理与信息系统,第1次填报,402,400,20396,3
A35,01,审计学,第1次填报,441,436,15283,4
A35,03,会计学,第1次填报,470,438,15011,10
A35,04,财务管理,第1次填报,446,435,15417,3
A35,05,金融学,第1次填报,438,428,16374,8
A35,06,保险学,第1次填报,423,421,17344,2
A35,07,税收学,第1次填报,426,420,17498,2
A35,08,投资学,第1次填报,436,423,17084,3
A35,09,国际经济与贸易,第1次填报,425,425,16813,2
A35,11,经济学,第1次填报,434,427,16504,3
A35,13,工商管理,第1次填报,439,433,15671,2
A35,14,市场营销,第1次填报,427,425,16813,2
A35,15,物流管理,第1次填报,427,412,18637,2
A35,17,人力资源管理,第1次填报,445,421,17344,2
A35,22,法学,第1次填报,446,444,14161,2
A35,23,英语,第1次填报,427,423,17084,2
A37,01,经济学,第1次填报,425,412,18637,4
A37,06,学前教育,第1次填报,430,426,16652,2
A37,08,汉语言文学,第1次填报,441,433,15671,2
A37,09,汉语国际教育,第1次填报,426,426,16652,1
A37,11,英语,第1次填报,437,434,15536,2
A37,12,俄语,第1次填报,434,417,17897,2
A37,13,日语,第1次填报,421,417,17897,2
A37,16,新闻学,第1次填报,412,409,19086,2
A37,18,应用心理学,第1次填报,423,408,19224,2
A37,30,市场营销,第1次填报,417,409,19086,2
A37,31,会计学,第1次填报,440,440,14730,1
A37,32,财务管理,第1次填报,436,424,16952,2
A37,33,旅游管理,第1次填报,409,408,19224,2
A37,52,金融学,第1次填报,421,419,17632,2
A37,54,国际经济与贸易,第1次填报,416,410,18938,2
A37,57,朝鲜语,第1次填报,408,408,19224,1
A37,58,商务英语,第1次填报,416,414,18337,2
A37,62,工商管理,第1次填报,417,414,18337,2
A37,68,秘书学,第1次填报,426,426,16652,1
A38,09,国际经济与贸易(网络贸易、货运代理),第1次填报,417,403,19961,4
A38,11,文化产业管理(创意策划),第1次填报,416,414,18337,3
A38,17,市场营销(商务策划、数字营销),第1次填报,409,404,19805,3
A40,01,英语,第1次填报,447,442,14463,2
A40,02,翻译,第1次填报,440,435,15417,2
A40,03,国际商务,第1次填报,428,422,17223,2
A40,04,日语,第1次填报,441,428,16374,3
A40,05,俄语,第1次填报,435,432,15810,2
A40,06,朝鲜语,第1次填报,443,440,14730,2
A40,07,国际经济与贸易,第1次填报,432,431,15964,2
A40,08,商务英语,第1次填报,428,426,16652,2
A40,09,市场营销,第1次填报,434,426,16652,2
A40,10,工商管理,第1次填报,436,426,16652,2
A40,11,人力资源管理,第1次填报,435,432,15810,2
A40,12,金融学,第1次填报,445,438,15011,2
A40,13,会计学,第1次填报,450,435,15417,3
A40,14,社会工作,第1次填报,434,424,16952,5
A40,15,城市管理,第1次填报,439,426,16652,2
A40,17,康复治疗学,第1次填报,436,422,17223,10
A40,18,健康服务与管理,第1次填报,426,418,17774,2
A40,19,护理学,第1次填报,439,409,19086,20
A40,22,汉语国际教育,第1次填报,442,442,14463,1
A40,23,汉语言文学,第1次填报,460,453,12946,2
A40,24,法学,第1次填报,447,447,13734,1
A40,27,数字媒体技术,第1次填报,432,423,17084,2
A40,32,服装设计与工程,第1次填报,424,419,17632,2
A40,33,广告学,第1次填报,436,436,15283,1
A41,28,旅游管理,第1次填报,516,516,5331,1
A41,31,工商管理,第1次填报,506,506,6389,1
A41,34,国际经济与贸易,第1次填报,517,517,5246,1
A41,36,法学,第1次填报,518,518,5160,1
A41,38,广告学,第1次填报,514,514,5558,1
A41,39,汉语言文学,第1次填报,516,516,5331,2
A41,40,文化产业管理(茶文化),第1次填报,513,513,5648,1
A42,01,金融学,第1次填报,466,462,11760,2
A42,02,保险学,第1次填报,443,443,14310,1
A42,09,市场营销,第1次填报,463,450,13339,4
A42,10,财务管理,第1次填报,479,462,11760,3
A42,11,物流管理,第1次填报,447,447,13734,1
A42,12,国际经济与贸易,第1次填报,487,462,11760,2
A42,13,工商管理(拍卖与典当方向),第1次填报,451,451,13209,1
A42,14,工商管理(期货交易与管理方向),第1次填报,446,445,14025,2
A42,15,法学,第1次填报,483,456,12520,9
A42,16,行政管理,第1次填报,461,460,12010,3
A42,18,应用心理学,第1次填报,462,452,13077,6
A42,19,商务英语,第1次填报,462,445,14025,6
A42,20,日语,第1次填报,448,443,14310,3
A42,21,广告学,第1次填报,458,451,13209,4
A42,23,信息管理与信息系统,第1次填报,451,446,13891,2
A42,27,金融学(2加2校际交流项目班),第1次填报,464,444,14161,5
A47,09,工程管理,第1次填报,399,399,20523,1
A47,0A,工程造价,第1次填报,407,400,20396,3
A47,0B,会计学,第1次填报,430,407,19381,6
A49,05,市场营销,第1次填报,473,449,13471,2
A49,31,学前教育（师范类）,第1次填报,472,470,10651,2
A50,18,英语（师范类）,第1次填报,477,450,13339,2
A50,19,翻译,第1次填报,473,466,11198,2
A50,20,商务英语,第1次填报,467,467,11059,2
A50,21,国际经济与贸易,第1次填报,470,454,12811,2
A50,46,护理学,第1次填报,465,465,11349,2
A53,01,英语,第1次填报,435,433,15671,2
A53,03,日语,第1次填报,429,426,16652,2
A53,07,工商管理,第1次填报,443,443,14310,1
A53,11,信息管理与信息系统,第1次填报,459,427,16504,3
A53,13,物流管理,第1次填报,436,436,15283,1
A58,0G,旅游管理,第1次填报,480,480,9317,1
A58,0J,电子商务,第1次填报,448,448,13601,1
A58,0X,汉语言文学,第1次填报,498,498,7199,1
A58,0Z,广告学,第1次填报,488,488,8352,1
A58,10,汉语国际教育,第1次填报,489,489,8249,1
A58,12,文物与博物馆学,第1次填报,471,459,12148,2
A59,03,市场营销,第1次填报,524,515,5446,3
A59,08,税收学,第1次填报,536,527,4265,2
A59,09,国际经济与贸易,第1次填报,529,525,4464,2
A59,12,旅游管理,第1次填报,489,489,8249,1
A59,15,日语,第1次填报,520,516,5331,3
A60,11,国际经济与贸易,第1次填报,407,404,19805,3
A60,12,会计学,第1次填报,414,414,18337,1
A60,15,金融学,
A60,16,商务英语,第1次填报,406,405,19649,2
A60,19,学前教育,第1次填报,423,422,17223,2
A60,27,广播电视学(新媒体传播方向),第1次填报,422,402,20113,2
A61,2C,应用心理学,第1次填报,486,482,9064,2
A66,04,财务管理,第1次填报,414,406,19528,4
A66,05,会计学,第1次填报,424,409,19086,5
A66,06,金融学,第1次填报,406,399,20523,5
A67,01,中医学,第1次填报,477,477,9733,1
A67,03,针灸推拿学,第1次填报,448,448,13601,1
A70,04,国际经济与贸易,第1次填报,416,416,18033,1
A70,06,法学,第1次填报,437,437,15143,1
A70,09,汉语国际教育,第1次填报,409,409,19086,1
A70,0A,网络与新媒体,第1次填报,434,434,15536,1
A73,0C,金融学,第1次填报,402,402,20113,1
A73,0E,国际经济与贸易,第1次填报,403,403,19961,1
A73,0K,英语,第1次填报,416,416,18033,1
A73,0L,西班牙语,第1次填报,426,426,16652,1
A73,13,会计学,第1次填报,408,402,20113,2
A73,14,财务管理,第1次填报,415,415,18200,1
A73,19,物流管理,第1次填报,406,406,19528,1
A73,1A,电子商务,第1次填报,405,405,19649,1
A73,2E,商务英语,第1次填报,411,411,18766,1
A74,03,中西医临床医学,第1次填报,529,508,6163,2
A74,12,针灸推拿学,第1次填报,517,517,5246,1
A74,14,护理学,第1次填报,468,468,10925,1
A75,64,广告学,第1次填报,510,503,6699,2
A75,68,农林经济管理,第1次填报,501,500,6984,2
A75,70,公共事业管理,第1次填报,493,489,8249,2
A75,71,汉语言文学,第1次填报,514,512,5767,3
A75,72,社会工作,第1次填报,498,497,7309,2
A75,75,英语,第1次填报,521,508,6163,2
A76,3E,中国语言文学类,第1次填报,490,480,9317,5
A77,01,经济学,第1次填报,541,541,3097,1
A77,03,财政学,第1次填报,524,524,4561,1
A77,05,金融学,第1次填报,540,540,3178,1
A77,08,保险学,第1次填报,523,521,4855,2
A77,0A,国际经济与贸易,第1次填报,536,536,3479,1
A77,0B,国际商务,第1次填报,525,522,4749,2
A77,0C,贸易经济,第1次填报,535,535,3582,1
A77,0K,工商管理,第1次填报,528,520,4941,2
A77,0L,市场营销,第1次填报,525,508,6163,2
A77,0M,人力资源管理,第1次填报,516,510,5960,2
A77,0N,房地产开发与管理,第1次填报,521,521,4855,1
A77,0P,会计学,第1次填报,540,540,3178,1
A77,0Q,财务管理,第1次填报,533,533,3767,1
A77,0R,审计学,第1次填报,537,537,3427,1
A77,0T,公共事业管理,第1次填报,513,512,5767,2
A77,0U,劳动与社会保障,第1次填报,500,489,8249,2
A77,0W,法学,第1次填报,531,509,6056,4
A77,10,新闻学,第1次填报,528,528,4177,1
A77,11,文化产业管理,第1次填报,501,501,6880,1
A78,01,国际经济与贸易,第1次填报,478,428,16374,4
A78,09,英语（师范类）,第1次填报,470,466,11198,2
A80,01,经济学,第1次填报,459,459,12148,1
A80,06,知识产权,第1次填报,464,464,11481,1
A80,07,思想政治教育（师范类）,第1次填报,485,485,8715,1
A80,09,历史学（师范类）,第1次填报,486,486,8600,1
A80,11,汉语言文学（师范类）,第1次填报,496,496,7412,1
A81,16,护理学,第1次填报,481,469,10790,2
A81,19,公共事业管理,第1次填报,473,448,13601,2
A83,01,汉语言文学（师范类）,第1次填报,534,534,3674,1
A83,07,历史学（师范类）,第1次填报,522,521,4855,2
A83,10,日语,第1次填报,517,517,5246,1
A83,11,朝鲜语,第1次填报,489,489,8249,1
A83,14,心理学（师范类）,第1次填报,521,508,6163,2
A83,15,思想政治教育（师范类）,第1次填报,520,518,5160,2
A83,19,旅游管理,第1次填报,518,482,9064,2
A83,21,地理科学（师范类）,第1次填报,525,525,4464,1
A89,01,劳动与社会保障,第1次填报,460,447,13734,3
A89,10,历史学（师范类）,第1次填报,469,467,11059,2
A92,04,思想政治教育（师范类）,第1次填报,497,488,8352,5
A92,0C,英语（师范类）,第1次填报,509,501,6880,4
A92,1V,酒店管理,第1次填报,463,454,12811,5
A92,27,新闻学,第1次填报,493,477,9733,5
A95,01,经济学,第1次填报,519,515,5446,2
A95,04,经济与贸易类,第1次填报,511,508,6163,2
A95,05,外国语言文学类,第1次填报,489,489,8249,1
A95,09,会计学,第1次填报,524,524,4561,1
A95,16,审计学,第1次填报,494,494,7632,1
A95,21,法学,第1次填报,529,509,6056,6
A95,25,知识产权,第1次填报,511,511,5862,1
A95,28,新闻传播学类,第1次填报,505,505,6488,1
A95,30,地理科学类,第1次填报,512,512,5767,1
A98,01,财政学,第1次填报,487,487,8480,1
A98,03,金融学,第1次填报,503,488,8352,2
A98,04,国际经济与贸易,第1次填报,482,478,9597,2
A98,05,法学,第1次填报,482,480,9317,3
A98,06,汉语言文学,第1次填报,487,479,9452,2
A98,07,英语,第1次填报,487,481,9194,2
A98,08,日语,第1次填报,475,475,10019,2
A98,34,工商管理,第1次填报,480,475,10019,2
A98,36,会计学,第1次填报,477,477,9733,1
A98,37,财务管理,第1次填报,488,488,8352,1
A98,40,行政管理,第1次填报,481,478,9597,2
A98,43,旅游管理,第1次填报,499,483,8949,2
B00,04,国际经济与贸易,第1次填报,521,514,5558,2
B00,07,俄语,第1次填报,514,513,5648,2
B00,09,日语,第1次填报,518,517,5246,2
B00,58,农林经济管理,第1次填报,527,524,4561,2
B10,53,思想政治教育（师范类）,第1次填报,470,450,13339,6
B12,0A,金融学类,第1次填报,501,489,8249,2
B12,0D,英语,第1次填报,514,511,5862,2
B12,0L,法学类,第1次填报,507,499,7092,2
B20,12,网络与新媒体,第1次填报,483,449,13471,2
B20,26,英语（师范类）,第1次填报,493,492,7868,2
B21,02,历史学（师范类）,第1次填报,459,459,12148,1
B21,06,农村区域发展,第1次填报,457,457,12378,1
B24,07,财务管理,第1次填报,517,510,5960,2
B24,26,人力资源管理,第1次填报,493,485,8715,2
B24,41,社会工作,第1次填报,452,452,13077,1
B25,39,经济学,第1次填报,509,508,6163,2
B25,42,汉语言文学,第1次填报,522,521,4855,2
B25,44,英语,第1次填报,536,512,5767,3
B25,47,网络与新媒体,第1次填报,520,500,6984,2
B25,48,市场营销,第1次填报,508,507,6271,2
B25,49,会计学,第1次填报,521,508,6163,2
B28,01,汉语言文学（师范类）,第1次填报,488,471,10527,2
B28,02,新闻学,第1次填报,448,448,13601,1
B28,03,历史学（师范类）,第1次填报,449,449,13471,1
B28,06,法学,第1次填报,449,449,13471,1
B28,09,思想政治教育（师范类）,第1次填报,453,453,12946,1
B28,13,学前教育（师范类）,第1次填报,448,448,13601,1
B29,02,法学,第1次填报,517,516,5331,2
B29,04,汉语国际教育,第1次填报,507,503,6699,2
B29,06,广告学,第1次填报,513,489,8249,2
B29,07,服装设计与工程,第1次填报,508,501,6880,2
B29,08,会计学,第1次填报,510,508,6163,2
B29,10,行政管理,第1次填报,501,499,7092,2
B31,43,旅游管理（师范类）,第1次填报,443,443,14310,1
B31,56,外国语言文学类,第1次填报,479,471,10527,4
B32,08,英语(非师范),第1次填报,471,449,13471,2
B33,01,汉语言文学,第1次填报,470,465,11349,2
B33,04,广播电视学,第1次填报,451,451,13209,2
B33,21,财务管理,第1次填报,460,454,12811,2
B35,02,汉语言文学,第1次填报,475,449,13471,5
B35,03,学前教育（师范类）,第1次填报,459,448,13601,3
B35,05,英语,第1次填报,491,448,13601,3
B35,14,会计学,第1次填报,464,454,12811,3
B36,02,临床医学,第1次填报,453,447,13734,2
B36,04,护理学,第1次填报,445,429,16229,2
B36,10,口腔医学技术,第1次填报,465,465,11349,1
B36,12,康复治疗学,第1次填报,442,442,14463,1
B36,13,健康服务与管理,第1次填报,429,429,16229,1
B38,13,法学,第1次填报,479,472,10391,4
B38,15,电子商务及法律,第1次填报,482,463,11624,5
B38,18,国际经济与贸易,第1次填报,472,468,10925,5
B38,38,物流管理,第1次填报,471,447,13734,5
B38,60,编辑出版学,第1次填报,476,464,11481,4
B40,40,工商管理类(中外合作办学),第1次填报,458,435,15417,7
B46,04,财政学类,第1次填报,494,494,7632,1
B46,06,金融学类,第1次填报,523,512,5767,2
B46,09,工商管理类,第1次填报,504,504,6599,1
B46,12,会计学(包括会计学财务审计学),第1次填报,520,513,5648,2
B48,02,汉语言文学,第1次填报,505,496,7412,4
B48,04,广告学,第1次填报,483,477,9733,2
B48,05,网络与新媒体,第1次填报,490,488,8352,3
B48,0P,工商管理,第1次填报,490,483,8949,2
B48,0Q,会计学,第1次填报,491,483,8949,3
B55,16,财务管理,第1次填报,470,459,12148,3
B55,32,法学,第1次填报,484,475,10019,3
B67,40,旅游管理,第1次填报,449,443,14310,3
B68,1V,行政管理,第1次填报,484,484,8828,1
B68,1Y,社会工作,第1次填报,475,475,10019,1
B68,21,旅游管理,第1次填报,465,465,11349,1
B68,2A,汉语国际教育,第1次填报,501,483,8949,2
B68,2C,农业经济管理类(中外合作办学),第1次填报,475,475,10019,1
B72,04,金融学,第1次填报,500,500,6984,1
B72,06,人力资源管理,第1次填报,499,499,7092,1
B72,18,中国语言文学类,第1次填报,499,497,7309,2
B72,19,法学类,第1次填报,502,499,7092,2
B72,20,英语,第1次填报,505,505,6488,1
B76,0Q,小学教育（师范类）,第1次填报,517,505,6488,2
B77,01,金融学,第1次填报,416,400,20396,3
B77,02,国际经济与贸易,第1次填报,411,402,20113,2
B77,03,市场营销,第1次填报,408,406,19528,3
B77,06,人力资源管理,第1次填报,420,413,18490,3
B77,07,物流管理,第1次填报,404,400,20396,2
B77,08,电子商务,第1次填报,406,405,19649,3
B77,09,旅游管理,第1次填报,409,400,20396,5
B77,0A,酒店管理,第1次填报,408,401,20272,3
B77,0B,会展经济与管理,第1次填报,408,402,20113,3
B77,0C,英语,第1次填报,415,403,19961,5
B77,0D,俄语,第1次填报,424,400,20396,4
B77,0E,日语,第1次填报,409,402,20113,4
B77,0F,朝鲜语,第1次填报,412,400,20396,3
B77,0G,汉语国际教育,第1次填报,422,409,19086,4
B77,0H,网络工程,第1次填报,400,400,20396,1
B77,0J,物联网工程,第1次填报,407,407,19381,1
B77,0K,建筑学,第1次填报,401,401,20272,1
B77,0P,工程造价,第1次填报,411,400,20396,2
B77,10,会计学,第1次填报,426,402,20113,3
B77,11,财务管理,第1次填报,416,411,18766,2
B78,08,汉语言文学,第1次填报,460,420,17498,2
B85,01,国际经济与贸易,第1次填报,408,399,20523,4
B85,02,汉语言文学,第1次填报,430,411,18766,8
B85,10,人力资源管理,第1次填报,407,400,20396,5
B85,11,审计学,第1次填报,407,401,20272,6
B85,12,物流管理,第1次填报,401,399,20523,3
B85,13,电子商务,第1次填报,402,399,20523,2
B88,04,电子商务,第1次填报,461,458,12258,3
B88,09,知识产权,第1次填报,464,450,13339,3
B89,0C,国际经济与贸易,第1次填报,423,416,18033,2
B91,05,思想政治教育（师范类）,第1次填报,438,427,16504,2
B92,1U,会计学,第1次填报,502,502,6783,1
B92,1V,财务管理,第1次填报,481,481,9194,1
B94,7A,思想政治教育（师范类）,第1次填报,528,518,5160,4
B96,23,工商管理,第1次填报,475,475,10019,1
B96,34,商务英语,第1次填报,467,465,11349,2
B96,39,汉语言文学(创意写作方向),第1次填报,475,465,11349,3
B96,75,工商管理类(中外合作办学),第1次填报,464,461,11892,2
B98,0L,会计学,第1次填报,464,436,15283,4
B98,0M,财务管理,第1次填报,445,426,16652,4
B99,03,国际经济与贸易,第1次填报,408,408,19224,1
B99,0U,市场营销,第1次填报,405,405,19649,1
C00,1A,会计学,第1次填报,458,438,15011,7
C00,1B,财务管理,第1次填报,443,432,15810,6
C00,2A,经济统计学,第1次填报,431,409,19086,3
C00,2B,财政学,第1次填报,436,436,15283,1
C00,2D,金融学,第1次填报,452,430,16106,5
C00,2H,国际经济与贸易,第1次填报,451,433,15671,4
C00,3B,工程管理,第1次填报,425,421,17344,2
C00,3D,市场营销,第1次填报,448,426,16652,3
C00,3E,人力资源管理,第1次填报,439,428,16374,2
C00,3F,劳动与社会保障,第1次填报,425,421,17344,3
C00,4A,法学,第1次填报,442,423,17084,4
C00,5A,商务英语,第1次填报,454,439,14865,2
C03,12,经济学,第1次填报,437,436,15283,2
C03,22,汉语言文学（师范类）,第1次填报,446,439,14865,4
C03,37,财务管理,第1次填报,441,438,15011,2
C04,01,汉语言文学,第1次填报,438,432,15810,2
C04,05,法学,第1次填报,428,427,16504,2
C04,0C,财务管理,第1次填报,427,409,19086,2
C05,01,金融学,第1次填报,429,429,16229,1
C05,03,汉语言文学,第1次填报,438,432,15810,4
C05,0F,会计学,第1次填报,436,427,16504,2
C05,0G,财务管理,第1次填报,428,425,16813,2
C07,01,会计学,第1次填报,417,417,17897,1
C07,0M,管理科学与工程类,第1次填报,405,405,19649,1
C07,0P,物流管理,第1次填报,414,414,18337,1
C07,0Y,法语,第1次填报,432,432,15810,1
C07,14,旅游管理(涉外饭店管理方向和会展商务旅游方向),第1次填报,417,417,17897,1
C12,0J,国际经济与贸易,第1次填报,404,401,20272,5
C12,0K,工商管理类,第1次填报,405,403,19961,4
C16,03,法学,第1次填报,443,443,14310,1
C16,05,汉语言文学,第1次填报,444,444,14161,1
C16,14,应用心理学,第1次填报,441,441,14598,1
C16,18,计算机科学与技术(移动软件开发),第1次填报,429,429,16229,1
C20,08,广告学,第1次填报,476,451,13209,4
C20,11,劳动与社会保障,第1次填报,451,451,13209,1
C20,18,人力资源管理,第1次填报,457,449,13471,3
C20,19,金融学,第1次填报,468,453,12946,4
C20,25,电子商务,第1次填报,451,448,13601,4
C21,20,交通运输,第1次填报,444,424,16952,3
C21,33,人力资源管理,第1次填报,468,455,12663,3
C21,34,财务管理,第1次填报,453,449,13471,3
C21,43,汉语国际教育,第1次填报,445,443,14310,3
C21,44,翻译,第1次填报,462,453,12946,3
C22,01,会展经济与管理(策划与经营),第1次填报,401,401,20272,1
C23,1C,金融学,第1次填报,434,399,20523,2
C23,3C,会计学,第1次填报,413,413,18490,1
C23,4C,国际商务,第1次填报,440,440,14730,1
C23,5C,财务管理,第1次填报,402,402,20113,1
C26,A1,汉语国际教育,第1次填报,472,466,11198,2
C26,A2,新闻传播学类,第1次填报,491,476,9881,5
C26,A3,英语,第1次填报,468,466,11198,2
C26,A5,西班牙语,第1次填报,468,466,11198,2
C26,A8,公共事业管理(媒体管理方向),第1次填报,467,463,11624,2
C26,A9,文化产业管理,第1次填报,491,465,11349,3
C26,B1,经济学,第1次填报,464,451,13209,2
C26,B2,贸易经济,第1次填报,469,463,11624,2
C27,02,汉语国际教育（师范类）,第1次填报,500,469,10790,2
C28,05,财务管理,第1次填报,473,473,10261,1
C28,06,投资学,第1次填报,447,447,13734,1
C28,07,资产评估,第1次填报,456,456,12520,1
C28,0M,汉语言文学（师范类）,第1次填报,469,469,10790,1
C28,0Z,旅游管理,第1次填报,457,457,12378,1
C28,18,新闻学,第1次填报,462,462,11760,1
C55,01,西班牙语,第1次填报,438,438,15011,1
C55,04,英语,第1次填报,429,419,17632,3
C55,11,俄语,第1次填报,432,432,15810,1
C55,14,电子商务,第1次填报,440,422,17223,2
C55,25,小学教育（师范类）,第1次填报,441,441,14598,1
C55,27,财务管理,第1次填报,433,433,15671,1
C83,10,土木工程,第1次填报,403,402,20113,2
C83,13,财务管理,第1次填报,408,403,19961,4
C85,0L,会计学,第1次填报,436,421,17344,5
C85,0M,财务管理,第1次填报,424,419,17632,2
C88,01,经济学,第1次填报,401,401,20272,1
C88,02,财政学,第1次填报,422,402,20113,2
C88,03,金融学,第1次填报,428,428,16374,1
C88,05,法学,第1次填报,429,419,17632,2
C88,06,汉语言文学,第1次填报,426,426,16652,1
C88,07,英语,第1次填报,427,406,19528,2
C88,08,新闻学,第1次填报,409,399,20523,2
C88,09,传播学,第1次填报,403,403,19961,1
C88,20,工商管理,第1次填报,402,402,20113,1
C88,21,会计学,第1次填报,429,427,16504,2
C88,22,财务管理,第1次填报,409,409,19086,1
C88,23,人力资源管理,第1次填报,405,405,19649,1
C88,24,旅游管理,第1次填报,400,400,20396,1
C90,21,工商管理,第1次填报,416,405,19649,4
C94,01,学前教育(师范类),第1次填报,421,409,19086,3
C94,03,机械设计制造及其自动化,第1次填报,405,405,19649,1
C94,06,电气工程及其自动化,第1次填报,431,431,15964,1
C94,14,土木工程,
C94,17,医学检验技术,第1次填报,425,405,19649,4
C94,18,医学影像技术,第1次填报,448,420,17498,3
C94,19,康复治疗学,第1次填报,426,419,17632,2
C94,20,护理学,第1次填报,463,433,15671,3
C94,21,助产学,第1次填报,447,447,13734,1
C94,25,会计学,第1次填报,421,419,17632,2
C94,26,财务管理,第1次填报,435,435,15417,1
C94,33,物联网工程(智慧城市应用设计与实现方向),第1次填报,414,414,18337,1
C94,34,电子信息工程(智慧城市应用设计与实现方向),第1次填报,408,408,19224,1
D03,01,经济学,第1次填报,431,431,15964,1
D03,03,法学,第1次填报,434,429,16229,3
D03,05,汉语言文学,第1次填报,441,428,16374,4
D05,17,工程管理,第1次填报,450,425,16813,5
D07,12,电子商务,第1次填报,469,469,10790,1
D07,13,市场营销,第1次填报,492,492,7868,1
D07,1J,公共事业管理,第1次填报,491,491,8006,1
D07,1K,新闻学,第1次填报,495,495,7522,1
D07,3T,会计学(国际会计),第1次填报,507,507,6271,1
D07,3U,工商管理(国际企业管理),第1次填报,498,498,7199,1
D07,3V,英语(国际贸易),第1次填报,507,507,6271,1
D19,0K,广播电视学,第1次填报,439,437,15143,2
D19,0S,文化产业管理,第1次填报,424,420,17498,2
D20,18,财务管理,第1次填报,419,419,17632,1
D21,01,金融学,第1次填报,426,415,18200,3
D21,05,英语,第1次填报,413,409,19086,2
D21,27,公共事业管理,
D22,15,风景园林,第1次填报,407,401,20272,5
D22,25,金融学,第1次填报,426,411,18766,5
D22,27,工商管理类,第1次填报,413,404,19805,20
D22,29,物流管理,第1次填报,403,403,19961,2
D22,31,农林经济管理,第1次填报,411,402,20113,4
D24,01,经济学,第1次填报,424,416,18033,2
D24,03,法学,第1次填报,437,424,16952,4
D24,0R,市场营销,第1次填报,407,403,19961,2
D28,01,中医学,第1次填报,454,430,16106,8
D28,02,中西医临床医学,第1次填报,463,438,15011,6
D28,03,针灸推拿学,第1次填报,430,427,16504,2
D29,21,工商管理,
D29,28,法学,第1次填报,420,420,17498,1
D29,32,汉语国际教育,第1次填报,409,409,19086,1
D30,W1,财务管理,第1次填报,428,412,18637,17
D30,W6,英语,第1次填报,432,415,18200,12
D30,W7,日语,第1次填报,415,399,20523,15
D30,W8,俄语,第1次填报,410,406,19528,3
D32,05,财政学,第1次填报,425,418,17774,2
D32,06,金融学,第1次填报,433,429,16229,2
D32,08,法学,第1次填报,444,424,16952,4
D32,09,英语,第1次填报,432,425,16813,3
D32,14,工程管理,第1次填报,401,401,20272,1
D32,15,工商管理,第1次填报,435,409,19086,3
D32,17,会计学,第1次填报,434,433,15671,2
D32,22,电子商务,第1次填报,434,424,16952,2
D34,01,金融学,
D34,0N,会计学,第1次填报,430,417,17897,2
D35,06,电子商务,第1次填报,431,427,16504,2
D35,20,工程造价,第1次填报,405,404,19805,2
D36,18,英语,第1次填报,421,408,19224,3
D36,19,经济学,第1次填报,409,409,19086,2
D36,20,汉语言文学,第1次填报,444,434,15536,2
D37,13,会计学,第1次填报,433,408,19224,3
D37,21,汉语言文学,第1次填报,437,431,15964,2
D41,01,国际经济与贸易,第1次填报,402,402,20113,1
D41,02,金融学,第1次填报,408,408,19224,1
D41,04,应用心理学,第1次填报,433,401,20272,4
D41,07,新闻传播学类,第1次填报,416,411,18766,4
D41,21,市场营销,第1次填报,403,403,19961,1
D51,03,学前教育,第1次填报,421,419,17632,2
D51,28,会计学,第1次填报,421,403,19961,7
D51,31,人力资源管理,第1次填报,406,404,19805,2
D51,34,酒店管理,第1次填报,403,403,19961,1
D52,02,学前教育（师范类）,第1次填报,466,466,11198,1
D52,03,小学教育（师范类）,第1次填报,475,467,11059,2
D56,01,法学,第1次填报,497,477,9733,3
D56,02,社会工作,第1次填报,476,476,9881,1
D57,04,工业工程,第1次填报,419,419,17632,1
D57,07,工程造价,第1次填报,428,428,16374,1
D57,09,信息管理与信息系统,第1次填报,443,443,14310,1
D58,15,法学,第1次填报,430,406,19528,23
D58,16,行政管理,第1次填报,409,400,20396,6
D58,17,社会学,第1次填报,400,400,20396,2
D58,18,社会工作,第1次填报,414,412,18637,2
D58,19,国际经济与贸易,第1次填报,407,402,20113,2
D58,20,会计学,第1次填报,427,401,20272,15
D58,21,财务管理,第1次填报,422,400,20396,15
D58,22,经济与金融,第1次填报,405,399,20523,9
D58,23,工商管理,第1次填报,438,408,19224,3
D58,24,市场营销,第1次填报,402,399,20523,11
D58,25,物流管理,第1次填报,423,402,20113,4
D58,26,旅游管理,第1次填报,443,401,20272,5
D58,27,会展经济与管理,第1次填报,403,399,20523,7
D58,28,汉语言文学,第1次填报,442,402,20113,12
D58,29,汉语国际教育,第1次填报,430,404,19805,5
D58,30,网络与新媒体,第1次填报,424,402,20113,7
D58,31,广告学,第1次填报,405,399,20523,9
D58,32,英语,第1次填报,429,401,20272,7
D58,33,俄语,第1次填报,418,405,19649,2
D58,34,酒店管理,第1次填报,414,399,20523,2
D58,35,旅游管理(国际旅游),第1次填报,419,399,20523,5
D58,36,健康服务与管理,第1次填报,402,399,20523,3
D58,37,工商管理(国际产能合作服务),第1次填报,400,400,20396,1
D58,38,国际经济与贸易(自贸区贸易管理与服务),第1次填报,425,425,16813,1
D58,39,人力资源管理,第1次填报,415,400,20396,6
D58,A5,旅游管理类(中外合作办学),第1次填报,420,420,17498,1
D68,08,会计学,第1次填报,422,406,19528,2
D68,10,土地资源管理,第1次填报,422,418,17774,2
D68,13,电子商务及法律,第1次填报,427,427,16504,2
D69,01,环境工程,第1次填报,401,401,20272,1
D69,11,工程造价,第1次填报,423,423,17084,1
D69,14,会计学,第1次填报,434,434,15536,1
D69,16,工商管理,第1次填报,423,423,17084,1
D69,23,金融学,第1次填报,430,430,16106,1
D70,17,工程管理,第1次填报,435,418,17774,4
D70,18,财务管理,第1次填报,437,409,19086,3
D70,19,物流管理,第1次填报,409,409,19086,1
D70,20,人力资源管理,第1次填报,432,432,15810,1
D71,0H,法学,第1次填报,460,442,14463,4
D71,0P,国际经济与贸易,第1次填报,446,434,15536,4
D71,0Q,金融工程,第1次填报,445,432,15810,3
D71,0R,会计学,第1次填报,446,438,15011,4
D71,0S,财务管理,第1次填报,447,444,14161,3
D71,0T,英语,第1次填报,467,432,15810,4
D71,15,工程造价,第1次填报,440,433,15671,2
D72,01,中医学,第1次填报,478,452,13077,3
D72,03,针灸推拿学,第1次填报,486,447,13734,2
D72,05,中西医临床医学,第1次填报,486,480,9317,2
D72,11,护理学,第1次填报,466,466,11198,1
D72,13,工商管理,第1次填报,419,413,18490,3
D74,02,财务管理,第1次填报,421,414,18337,2
D74,03,国际经济与贸易,第1次填报,404,404,19805,1
D74,06,汉语国际教育,第1次填报,406,406,19528,1
D74,07,工程管理,第1次填报,400,400,20396,2
D74,08,社会工作,第1次填报,404,401,20272,2
D74,09,金融工程,第1次填报,407,405,19649,2
D74,10,工业设计,第1次填报,401,401,20272,1
D74,9Y,市场营销(大数据营销),第1次填报,404,399,20523,3
D81,09,会计学,第1次填报,409,406,19528,2
D81,0C,人力资源管理,第1次填报,410,405,19649,2
D81,0D,国际经济与贸易,第1次填报,403,400,20396,4
D81,0J,汉语国际教育(师范类),第1次填报,426,413,18490,5
D84,01,会计学,第1次填报,447,446,13891,3
D84,02,财务管理,第1次填报,444,444,14161,1
D84,03,审计学,第1次填报,449,449,13471,1
D84,04,国际经济与贸易,第1次填报,436,429,16229,2
D84,05,国际商务,第1次填报,437,437,15143,1
D84,06,金融学,第1次填报,441,440,14730,2
D84,07,工商管理,第1次填报,436,436,15283,1
D84,08,市场营销,第1次填报,431,431,15964,1
D84,09,人力资源管理,第1次填报,429,429,16229,1
D84,0A,旅游管理,第1次填报,428,428,16374,1
D86,01,法学,第1次填报,443,439,14865,2
D86,04,汉语国际教育,第1次填报,432,432,15810,3
D86,05,英语,第1次填报,438,423,17084,3
D86,23,汉语言文学,第1次填报,441,409,19086,2
D88,0D,文化产业管理,第1次填报,431,407,19381,5
D88,0F,广告学,第1次填报,467,409,19086,5
D88,0J,数字出版,第1次填报,421,406,19528,5
D93,01,会计学,第1次填报,442,435,15417,3
D93,05,金融学,第1次填报,440,426,16652,3
D94,19,电子商务,第1次填报,421,408,19224,3
D94,30,学前教育（师范类）,第1次填报,440,427,16504,6
E03,01,国际经济与贸易,第1次填报,409,400,20396,6
E03,02,英语,第1次填报,420,410,18938,5
E03,03,日语,第1次填报,405,400,20396,4
E03,13,工商管理,第1次填报,407,400,20396,5
E03,15,电子商务,第1次填报,410,400,20396,4
E05,01,会计学,第1次填报,436,417,17897,5
E11,0F,财务管理,第1次填报,420,410,18938,2
E11,10,工程管理,第1次填报,455,455,12663,1
E13,33,应用心理学,第1次填报,454,443,14310,3
E14,25,法学(经济法方向),第1次填报,460,450,13339,3
E14,26,英语,第1次填报,454,445,14025,2
E14,27,商务英语,第1次填报,443,439,14865,3
E14,28,财务管理,第1次填报,459,459,12148,1
E17,02,护理学,第1次填报,421,411,18766,8
E22,36,小学教育（师范类）,第1次填报,446,429,16229,8
E22,37,学前教育（师范类）,第1次填报,438,431,15964,8
E22,38,汉语言文学（师范类）,第1次填报,454,436,15283,12
E22,39,英语（师范类）,第1次填报,446,410,18938,8
E22,44,俄语,第1次填报,433,427,16504,2
E22,45,朝鲜语,第1次填报,409,408,19224,2
E22,46,地理科学（师范类）,第1次填报,440,424,16952,4
E22,48,市场营销,第1次填报,409,409,19086,2
E23,11,汉语国际教育,第1次填报,487,483,8949,2
E23,12,英语,第1次填报,491,484,8828,2
E23,20,公共事业管理,第1次填报,482,468,10925,2
E25,09,汉语国际教育,第1次填报,492,492,7868,1
E25,0B,秘书学,第1次填报,487,487,8480,1
E25,2Q,行政管理,第1次填报,467,467,11059,1
E27,17,电子商务,第1次填报,408,405,19649,2
E27,18,财务管理,第1次填报,412,405,19649,2
E27,27,商务英语,第1次填报,408,406,19528,2
E27,29,国际经济与贸易,第1次填报,405,401,20272,2
E29,10,会计学,第1次填报,418,413,18490,2
E47,01,学前教育（师范类）,第1次填报,482,478,9597,2
E47,02,小学教育（师范类）,第1次填报,486,486,8600,2
E48,12,工商管理,第1次填报,413,399,20523,3
E48,13,市场营销,第1次填报,408,405,19649,2
E48,14,人力资源管理,第1次填报,418,399,20523,2
E48,16,审计学,第1次填报,429,405,19649,3
E48,20,金融工程,第1次填报,411,410,18938,2
E55,01,会计学,第1次填报,457,440,14730,4
E55,03,财务管理,第1次填报,439,439,14865,1
E55,05,工程造价,第1次填报,444,444,14161,1
E55,09,金融学,第1次填报,436,426,16652,2
E56,0U,会计学,第1次填报,454,411,18766,5
E84,11,英语,第1次填报,439,439,14865,1
E84,17,阿拉伯语,第1次填报,415,415,18200,1
E84,23,会计学(双语班),第1次填报,470,470,10651,1
E84,24,金融学,第1次填报,445,431,15964,2
E84,26,法学(国际经济法方向),第1次填报,434,427,16504,2
E84,35,文化产业管理,第1次填报,444,440,14730,2
E84,56,会计学(全英文教学班),第1次填报,423,423,17084,1
E85,11,工程管理,第1次填报,404,403,19961,2
E85,12,工程造价,第1次填报,409,406,19528,2
E85,13,财务管理,第1次填报,408,403,19961,12
E85,14,会计学,第1次填报,427,404,19805,15
E85,15,工商管理,第1次填报,407,399,20523,9
E85,16,人力资源管理,第1次填报,411,402,20113,6
E85,17,网络与新媒体,第1次填报,404,404,19805,1
E85,18,汉语言文学,第1次填报,426,402,20113,13
E85,19,汉语言文学(新闻与传播),第1次填报,415,406,19528,5
E85,20,英语,第1次填报,414,410,18938,2
E86,01,茶学,第1次填报,451,451,13209,1
E86,05,旅游管理,第1次填报,447,447,13734,1
E86,06,酒店管理,第1次填报,455,448,13601,2
E86,34,汉语言文学,第1次填报,480,478,9597,2
E86,35,商务英语,第1次填报,464,464,11481,1
E86,38,国际经济与贸易,第1次填报,461,461,11892,1
E86,39,物流管理,第1次填报,453,453,12946,1
E87,01,英语(教育方向，英语单科成绩不低于90分)（师范类）,第1次填报,468,423,17084,160
E87,02,英语(翻译方向，英语单科成绩不低于90分)（师范类）,第1次填报,449,419,17632,40
E87,03,公共事业管理,第1次填报,431,410,18938,50
E87,04,学前教育（师范类）,第1次填报,450,421,17344,184
E87,05,新闻学,第1次填报,442,412,18637,120
E87,06,汉语言文学(语文单科成绩不低于90分),第1次填报,457,429,16229,105
E87,07,旅游管理,第1次填报,423,410,18938,30
E87,08,会计学,第1次填报,447,421,17344,51
E87,09,财务管理,第1次填报,440,416,18033,39
E87,10,审计学,第1次填报,451,416,18033,50
E87,11,物业管理,第1次填报,426,410,18938,20
E87,12,工程管理,第1次填报,433,410,18938,30
E87,13,金融学,第1次填报,432,415,18200,26
E87,14,市场营销,第1次填报,450,410,18938,30
E87,15,保险学,第1次填报,417,410,18938,41
E87,16,电子商务,第1次填报,427,410,18938,30
E89,08,新闻学,第1次填报,442,414,18337,117
E89,09,汉语言文学,第1次填报,452,428,16374,172
E89,10,英语,第1次填报,444,421,17344,71
E89,11,会计学,第1次填报,447,421,17344,77
E89,12,财务管理,第1次填报,444,418,17774,70
E89,13,金融学,第1次填报,448,416,18033,51
E89,14,人力资源管理,第1次填报,433,411,18766,71
E89,15,电子商务,第1次填报,427,410,18938,42
E97,04,财务管理,第1次填报,428,428,16374,1
E97,14,金融学(证券投资方向),第1次填报,424,424,16952,1
E97,31,汉语国际教育,第1次填报,429,427,16504,2
E97,33,广告学,第1次填报,425,425,16813,1
E97,35,法学,第1次填报,451,451,13209,1
E98,0Z,汉语言文学,第1次填报,425,420,17498,6
E98,10,新闻学,第1次填报,415,408,19224,6
E98,11,文化产业管理,第1次填报,409,403,19961,5
E98,12,电子商务,第1次填报,415,408,19224,3
F08,13,工商管理,第1次填报,442,427,16504,2
F08,17,会计学(CPA注册会计师),第1次填报,478,463,11624,2
F08,19,物流管理,第1次填报,430,430,16106,1
F08,20,电子商务,第1次填报,424,424,16952,1
F08,21,旅游管理,第1次填报,430,402,20113,2
F08,29,新闻学,第1次填报,432,414,18337,5
F08,30,广告学(数字创意与策划),第1次填报,441,424,16952,3
F08,32,传播学(传播艺术),第1次填报,437,408,19224,3
F29,01,法学,第1次填报,437,407,19381,4
F29,02,汉语言文学,第1次填报,440,404,19805,6
F29,03,英语,第1次填报,433,409,19086,4
F29,05,新闻学,第1次填报,422,410,18938,4
F29,06,广告学,第1次填报,405,404,19805,3
F29,10,会计学,第1次填报,425,414,18337,3
F31,09,汉语言文学,第1次填报,434,417,17897,5
F31,0A,英语,第1次填报,420,418,17774,2
F35,15,工商管理,第1次填报,444,440,14730,5
F37,01,财政学,第1次填报,440,439,14865,2
F37,02,金融学,第1次填报,457,453,12946,2
F37,04,国际经济与贸易,第1次填报,442,434,15536,2
F37,05,法学,第1次填报,433,433,15671,1
F37,08,汉语言文学,第1次填报,463,458,12258,2
F37,09,英语,第1次填报,438,431,15964,2
F37,0P,工商管理,第1次填报,448,422,17223,2
F37,0Q,会计学,第1次填报,450,445,14025,2
F37,0S,电子商务,第1次填报,426,422,17223,2
F38,04,英语（师范类）,第1次填报,438,432,15810,3
F39,04,金融学,第1次填报,415,411,18766,2
F39,0C,法学(行政法务方向),第1次填报,423,419,17632,2
F41,01,金融学,第1次填报,406,406,19528,2
F41,02,国际经济与贸易,第1次填报,405,404,19805,2
F41,16,工商管理类,第1次填报,401,401,20272,2
F42,02,汉语国际教育,第1次填报,420,403,19961,5
F42,0G,财务管理,第1次填报,420,420,17498,1
F65,01,财务管理,第1次填报,430,427,16504,2
F65,04,市场营销,第1次填报,421,421,17344,1
F66,17,贸易经济,第1次填报,409,405,19649,3
F66,20,金融学,第1次填报,408,407,19381,3
F66,21,护理学,第1次填报,431,406,19528,9
F66,24,学前教育（师范类）,第1次填报,425,407,19381,5
F66,25,新闻学,第1次填报,418,410,18938,2
F74,0B,国际经济与贸易,第1次填报,493,491,8006,2
F74,1A,财务管理,第1次填报,517,484,8828,2
F89,01,酒店管理(财务及投融资方向),第1次填报,432,401,20272,2
F89,02,酒店管理(人力资源方向),第1次填报,400,400,20396,1
F89,05,酒店管理(现代营销方向),第1次填报,462,455,12663,2
F99,W0,风景园林,第1次填报,459,457,12378,2
F99,W1,工商管理,第1次填报,471,470,10651,2
F99,W3,物流管理,第1次填报,483,478,9597,2
F99,W6,工程管理,第1次填报,475,472,10391,2
F99,W7,金融工程,第1次填报,469,460,12010,3
F99,W9,商务英语,第1次填报,469,469,10790,1
G11,14,酒店管理,第1次填报,458,454,12811,5
G12,32,工商管理类,第1次填报,505,504,6599,2
G13,02,法学,第1次填报,495,491,8006,2
G13,31,工商管理类,第1次填报,465,464,11481,2
G16,02,中医学,第1次填报,461,449,13471,4
G16,03,口腔医学,第1次填报,498,429,16229,5
G16,05,妇幼保健医学,第1次填报,448,448,13601,1
G16,06,针灸推拿学,第1次填报,434,425,16813,2
G16,07,医学影像学,第1次填报,456,441,14598,4
G16,11,医学检验技术,第1次填报,436,436,15283,1
G16,13,护理学,第1次填报,437,433,15671,2
G16,16,康复治疗学,第1次填报,428,428,16374,1
G20,01,市场营销,第1次填报,464,464,11481,1
G20,02,财务管理,第1次填报,464,464,11481,1
G20,19,汉语言文学,第1次填报,465,465,11349,1
G20,1A,传播学,第1次填报,454,454,12811,1
G23,03,学前教育,第1次填报,467,461,11892,2
G24,03,英语,第1次填报,469,449,13471,2
G24,04,翻译,第1次填报,467,467,11059,2
G24,39,市场营销,第1次填报,464,461,11892,2
G24,44,财务管理,第1次填报,487,470,10651,3
G24,46,审计学,第1次填报,487,476,9881,3
G27,02,翻译,第1次填报,443,428,16374,2
G27,04,财务管理,第1次填报,445,430,16106,2
G27,05,会计学,第1次填报,447,426,16652,3
G27,06,会计学(英国皇家特许管理会计师方向),第1次填报,426,426,16652,1
G28,01,学前教育（师范类）,第1次填报,479,457,12378,5
G28,06,英语,第1次填报,473,465,11349,5
G28,13,广播电视学,第1次填报,479,463,11624,5
G28,15,旅游管理,第1次填报,462,451,13209,5
G28,21,人力资源管理,第1次填报,461,451,13209,5
G42,02,国际经济与贸易,第1次填报,419,419,17632,1
G42,06,财务管理,第1次填报,420,413,18490,2
G42,09,工商管理,第1次填报,408,402,20113,2
G42,16,物流管理,第1次填报,403,399,20523,2
G42,23,英语,第1次填报,423,416,18033,2
G45,01,投资学,第1次填报,403,403,19961,1
G48,05,中国语言文学类,第1次填报,400,400,20396,1
G48,19,护理学(鑫达护理班),第1次填报,407,402,20113,2
G50,01,会计学,第1次填报,426,412,18637,2
G50,08,汉语言文学,第1次填报,441,437,15143,3
G51,02,文化产业管理,第1次填报,401,399,20523,4
G53,04,汉语言文学,第1次填报,450,432,15810,3
G53,06,新闻学,第1次填报,447,438,15011,2
G54,01,经济学,第1次填报,420,416,18033,2
G54,06,法学,第1次填报,436,436,15283,1
G54,22,市场营销,第1次填报,413,413,18490,1
G54,25,财务管理,第1次填报,413,413,18490,1
G55,03,国际经济与贸易,第1次填报,420,420,17498,1
G55,27,英语,第1次填报,437,403,19961,3
G55,32,汉语言文学,第1次填报,440,431,15964,2
G56,02,汉语言文学（师范类）,第1次填报,448,435,15417,2
G56,15,物流管理,第1次填报,409,405,19649,2
G56,24,会计学,第1次填报,418,409,19086,2
G56,31,学前教育（师范类）,第1次填报,435,433,15671,2
G58,0P,小学教育（师范类）,第1次填报,426,420,17498,3
G58,0Q,学前教育（师范类）,第1次填报,425,409,19086,2
G59,11,国际经济与贸易,第1次填报,463,434,15536,2
G59,18,物流管理,第1次填报,438,436,15283,2
G61,02,经济学类,第1次填报,429,429,16229,1
G61,21,会计学,第1次填报,429,429,16229,1
G98,0A,护理学,第1次填报,429,406,19528,3
H15,01,经济学,第1次填报,451,402,20113,7
H15,02,金融工程,第1次填报,420,405,19649,8
H15,03,国际经济与贸易,第1次填报,411,402,20113,13
H15,05,信息管理与信息系统,第1次填报,409,402,20113,5
H15,06,工程造价,第1次填报,410,401,20272,9
H15,07,会计学,第1次填报,418,410,18938,18
H15,09,审计学,第1次填报,429,407,19381,7
H15,0A,资产评估,第1次填报,409,402,20113,10
H18,07,财务管理,第1次填报,415,415,18200,1
H18,08,资产评估,第1次填报,412,412,18637,1
H18,09,人力资源管理,第1次填报,431,431,15964,1
H18,0B,信息管理与信息系统,第1次填报,419,419,17632,1
H18,0C,电子商务,第1次填报,422,400,20396,2
H18,0E,数字媒体技术,第1次填报,413,413,18490,1
H18,0K,英语,第1次填报,421,419,17632,2
H18,0L,日语,第1次填报,404,404,19805,1
H31,04,广告学,第1次填报,431,407,19381,2
H31,07,工商管理,第1次填报,413,400,20396,2
H40,26,财务管理,第1次填报,435,432,15810,2
H40,27,国际经济与贸易,第1次填报,423,416,18033,2
H40,28,市场营销,第1次填报,420,416,18033,2
H40,29,投资学,第1次填报,418,415,18200,2
H41,11,英语,第1次填报,421,417,17897,2
H41,20,会计学,第1次填报,420,404,19805,2
H41,22,财务管理,第1次填报,424,423,17084,2
H41,25,新闻学(新媒体),第1次填报,424,414,18337,2
H47,27,财务管理,第1次填报,412,409,19086,2
H47,28,会计学,第1次填报,423,423,17084,1
H49,01,国际经济与贸易,第1次填报,408,405,19649,4
H49,02,农林经济管理,第1次填报,411,399,20523,5
H49,04,物流管理,第1次填报,407,404,19805,4
H49,05,财务管理,第1次填报,423,412,18637,4
H49,07,资产评估,第1次填报,408,408,19224,2
H49,09,市场营销,第1次填报,407,404,19805,3
H49,10,行政管理,第1次填报,417,401,20272,5
H49,12,土地资源管理,第1次填报,407,402,20113,3
H49,14,英语,第1次填报,418,411,18766,3
H51,02,金融学,第1次填报,433,405,19649,3
H51,07,会计学,第1次填报,439,421,17344,3
H53,1Y,公共事业管理,第1次填报,404,403,19961,4
H54,02,财务管理,第1次填报,414,408,19224,2
H54,05,地理信息科学,第1次填报,410,408,19224,2
H54,0E,会计学,第1次填报,408,406,19528,2
H54,0Q,英语,第1次填报,419,405,19649,2
H57,01,会计学,第1次填报,434,418,17774,2
H57,02,财务管理,第1次填报,431,405,19649,2
H57,06,市场营销,第1次填报,411,411,18766,1
H57,0F,国际经济与贸易,第1次填报,402,402,20113,1
H57,0G,英语,第1次填报,416,416,18033,1
H58,03,审计学,第1次填报,488,488,8352,1
H58,0B,经济学,第1次填报,484,479,9452,2
H58,0E,金融学,第1次填报,494,486,8600,2
H58,0Q,法学,第1次填报,500,489,8249,3
H58,0S,行政管理,第1次填报,483,469,10790,2
H96,03,会计学(注册会计),第1次填报,449,449,13471,1
H96,05,金融学,第1次填报,446,446,13891,1
J05,01,工程管理,第1次填报,443,424,16952,3
J21,0C,知识产权,
J21,0D,网络与新媒体,第1次填报,411,410,18938,2
J24,05,物流管理,第1次填报,470,460,12010,3
J24,06,市场营销,第1次填报,460,456,12520,2
J36,04,工商管理类(2类),第1次填报,477,470,10651,2
J36,06,金融学类,第1次填报,485,475,10019,2
J36,0B,档案学,第1次填报,469,467,11059,2
J36,0Z,公共事业管理,第1次填报,464,464,11481,2
J43,01,社会工作,第1次填报,477,469,10790,5
J43,02,政治学与行政学,第1次填报,480,475,10019,5
J43,04,经济学,第1次填报,491,475,10019,5
J43,13,广播电视学,第1次填报,478,467,11059,5
J47,01,学前教育（师范类）,第1次填报,482,469,10790,2
J47,21,历史学（师范类）,第1次填报,486,469,10790,2
J49,35,新闻学,第1次填报,484,472,10391,3
J49,40,国际经济与贸易,第1次填报,480,471,10527,2
J49,51,会计学,第1次填报,498,493,7746,2
J49,69,中国语言文学类(中外合作办学),第1次填报,461,460,12010,2
J52,01,汉语言文学（师范类）,第1次填报,483,479,9452,2
J53,01,中国语言文学类（师范类）,第1次填报,490,486,8600,2
J53,14,法学,第1次填报,491,471,10527,3
J55,07,国际经济与贸易,第1次填报,403,402,20113,4
J55,08,物流管理,第1次填报,403,401,20272,2
J55,15,财务管理,第1次填报,417,411,18766,3
J65,21,工商管理,第1次填报,410,410,18938,1
J65,23,电子商务,第1次填报,433,407,19381,2
J81,0H,应用心理学,第1次填报,497,491,8006,5
J81,1J,人力资源管理,第1次填报,494,486,8600,5
K00,02,广告学,第1次填报,511,483,8949,3
K00,05,影视摄影与制作,第1次填报,490,469,10790,7
K00,0L,新闻学,第1次填报,490,469,10790,3
K01,0K,物流管理,第1次填报,459,441,14598,2
K11,1S,学前教育（师范类）,第1次填报,518,499,7092,5
K11,24,法学类,第1次填报,513,501,6880,5
K28,01,英语,第1次填报,441,431,15964,6
K28,09,德语,第1次填报,432,432,15810,1
K28,11,西班牙语,第1次填报,440,440,14730,1
K28,23,商务英语,第1次填报,436,431,15964,3
K28,35,新闻学,第1次填报,438,434,15536,2
K30,56,审计学,第1次填报,438,434,15536,2
K40,02,中医学,第1次填报,520,518,5160,2
K40,04,针灸推拿学,第1次填报,509,506,6389,2
K40,0J,应用心理学,第1次填报,516,501,6880,2
K41,13,财务管理,第1次填报,491,480,9317,2
K41,14,资产评估,第1次填报,491,480,9317,2
K41,28,国际经济与贸易,第1次填报,492,486,8600,2
K41,30,金融工程,第1次填报,492,486,8600,2
K41,38,商务英语,第1次填报,491,489,8249,2
K42,03,学前教育（师范类）,第1次填报,462,462,11760,1
K42,04,小学教育（师范类）,第1次填报,464,464,11481,1
K42,09,英语（师范类）,第1次填报,465,465,11349,1
K42,0H,数字媒体技术,第1次填报,462,462,11760,1
K42,0M,护理学,第1次填报,449,449,13471,1
K55,1S,工程管理,第1次填报,444,444,14161,2
K55,2C,思想政治教育（师范类）,第1次填报,452,449,13471,2
K55,2D,人文教育（师范类）,第1次填报,450,448,13601,2
K55,2E,城市管理,第1次填报,452,442,14463,2
K62,19,工商管理,第1次填报,442,427,16504,2
K62,21,市场营销,第1次填报,441,427,16504,2
K62,28,税收学(税务师注册方向，税务会计方向),第1次填报,438,424,16952,2
K67,01,英语,第1次填报,435,435,15417,1
K67,02,翻译,第1次填报,437,437,15143,1
K67,04,德语,第1次填报,476,476,9881,1
K67,06,西班牙语,第1次填报,467,467,11059,1
K67,07,葡萄牙语,第1次填报,434,434,15536,1
K67,08,法语,第1次填报,442,442,14463,1
K67,09,意大利语,第1次填报,450,450,13339,1
K67,0A,俄语,第1次填报,433,433,15671,1
K67,0E,阿拉伯语,第1次填报,467,467,11059,1
K67,0J,汉语国际教育,第1次填报,435,432,15810,2
K67,0K,新闻学,第1次填报,462,462,11760,1
K67,0N,会展经济与管理,第1次填报,436,436,15283,1
K74,02,汉语言文学,第1次填报,458,445,14025,4
K74,31,园林,第1次填报,430,424,16952,2
K89,01,投资学,第1次填报,451,451,13209,1
K89,0N,工程管理,第1次填报,467,467,11059,1
K89,0P,工程造价,第1次填报,462,462,11760,1
K89,0Q,财务管理,第1次填报,449,449,13471,1
K92,03,旅游管理与服务教育,第1次填报,446,437,15143,40
K92,12,社会工作,第1次填报,445,437,15143,40
L07,77,旅游管理,第1次填报,502,447,13734,50
L08,19,电子商务,第1次填报,454,439,14865,20
L08,42,会计学,第1次填报,449,439,14865,50
L08,76,汉语言文学(高级涉外文秘),第1次填报,465,447,13734,40
L08,7C,会计学(金融服务与理财方向),第1次填报,456,443,14310,20
L08,7D,会计学(互联网方向),第1次填报,455,439,14865,20
L08,7H,学前教育（师范类）,第1次填报,453,439,14865,60
L08,7M,英语(国际教育咨询),第1次填报,460,439,14865,20
L09,00,经济学,第1次填报,471,452,13077,40
L09,01,国际经济与贸易,第1次填报,461,437,15143,60
L09,54,旅游管理,第1次填报,446,436,15283,24
L09,68,学前教育（师范类）,第1次填报,470,443,14310,80
L09,69,行政管理,第1次填报,470,438,15011,40
L09,77,酒店管理,第1次填报,450,436,15283,40
L11,C3,酒店管理,第1次填报,442,432,15810,60
L11,C4,市场营销,第1次填报,440,435,15417,20
L15,02,社会工作,第1次填报,464,436,15283,50
L15,11,会计学,第1次填报,476,449,13471,25
L61,52,经济学(只招少数民族),第1次填报,512,505,6488,3
L61,53,市场营销(只招少数民族),第1次填报,511,501,6880,3
L61,54,旅游管理(只招少数民族),第1次填报,501,501,6880,1
L61,55,工商管理(只招少数民族),第1次填报,506,494,7632,3
L61,56,行政管理(只招少数民族),第1次填报,506,504,6599,2
L61,57,人力资源管理(只招少数民族),第1次填报,502,502,6783,1
L61,71,朝鲜语(只招少数民族),第1次填报,513,495,7522,4
L61,78,汉语言文学(只招少数民族),第1次填报,529,520,4941,2
L61,79,法学(只招少数民族),第1次填报,520,510,5960,6
L61,80,新闻学(只招少数民族),第1次填报,518,509,6056,3
L61,81,汉语国际教育(只招少数民族),第1次填报,520,489,8249,6
L61,86,会计学(只招少数民族),第1次填报,514,511,5862,3
L61,87,财务管理(只招少数民族),第1次填报,512,507,6271,3
L61,88,国际商务(只招少数民族),第1次填报,516,504,6599,4
L68,38,市场营销,第1次填报,472,468,10925,2
L69,68,经济学(只招少数民族考生),第1次填报,496,485,8715,3
L69,69,税收学(只招少数民族考生),第1次填报,486,486,8600,1
L69,70,金融学(只招少数民族考生),第1次填报,492,476,9881,2
L69,71,国际经济与贸易(只招少数民族考生),第1次填报,479,475,10019,3
L69,72,法学(只招少数民族考生),第1次填报,493,484,8828,10
L69,73,思想政治教育(只招少数民族考生),第1次填报,499,477,9733,3
L69,75,汉语言文学(只招少数民族考生),第1次填报,505,492,7868,4
L69,76,新闻学(只招少数民族考生),第1次填报,492,492,7868,1
L69,77,广告学(只招少数民族考生),第1次填报,477,474,10153,3
L69,80,英语(只招少数民族考生),第1次填报,492,488,8352,2
L69,81,商务英语(只招少数民族考生),第1次填报,491,490,8125,2
L69,82,日语(只招少数民族考生),第1次填报,491,473,10261,2
L69,B7,工商管理(只招少数民族考生),第1次填报,479,479,9452,1
L69,B8,会计学(只招少数民族考生),第1次填报,497,497,7309,1
L69,B9,财务管理(只招少数民族考生),第1次填报,501,481,9194,2
L69,C1,物流管理(只招少数民族考生),第1次填报,480,469,10790,2
L69,C3,人力资源管理(只招少数民族考生),第1次填报,477,477,9733,1
L69,C4,公共事业管理(只招少数民族考生),第1次填报,492,480,9317,2
L69,C5,行政管理(只招少数民族考生),第1次填报,470,470,10651,1
L69,C6,旅游管理(只招少数民族考生),第1次填报,477,477,9733,1
L77,HM,旅游管理与服务教育,第1次填报,460,447,13734,30
L77,HP,财务会计教育,第1次填报,473,460,12010,20
L81,01,政治学类,第1次填报,470,470,10651,1
L81,02,公共管理类,第1次填报,472,472,10391,1
L81,21,秘书学（师范类）,第1次填报,441,441,14598,1
M04,07,公共事业管理,第1次填报,450,445,14025,2
M04,09,社会工作,第1次填报,445,444,14161,2
M04,0D,旅游管理与服务教育（师范类）,第1次填报,445,443,14310,2
M06,02,财政学,第1次填报,497,497,7309,1
M06,04,金融学,第1次填报,488,488,8352,1
M06,07,国际经济与贸易,第1次填报,469,469,10790,1
M06,0N,会计学,第1次填报,507,507,6271,1
M06,0P,财务管理,第1次填报,498,498,7199,1
M08,18,财务管理,第1次填报,404,404,19805,1
M15,0H,国际经济与贸易,第1次填报,405,402,20113,3
M15,0K,金融学,第1次填报,420,405,19649,4
M16,15,护理学,第1次填报,414,409,19086,2
M16,21,会计学,第1次填报,416,408,19224,2
M39,09,土地资源管理,第1次填报,466,465,11349,2
M39,18,物流工程,第1次填报,464,460,12010,2
M39,19,农林经济管理,第1次填报,476,448,13601,2
M39,20,金融工程,第1次填报,475,474,10153,2
M39,21,审计学,第1次填报,491,490,8125,2
M42,18,汉语言文学(含人文实验班),第1次填报,503,473,10261,2
M49,06,历史学,第1次填报,459,445,14025,5
M68,02,广播电视学,第1次填报,470,448,13601,2
M68,46,城乡规划,第1次填报,466,461,11892,3
M72,16,财务管理,第1次填报,473,473,10261,1
M72,17,会计学,第1次填报,466,463,11624,2
M72,35,网络与新媒体,第1次填报,456,456,12520,1
M72,38,物流管理,第1次填报,447,447,13734,1
M73,37,俄语(商务俄语方向),第1次填报,445,442,14463,2
M74,01,汉语言文学（师范类）,第1次填报,465,449,13471,3
M74,57,护理学,第1次填报,462,446,13891,4
